study_accession	cohort_overlap_group	publication_pmid	phenotype_class	ancestry	sex_design	group_kind	overlap_evidence	overlap_interpretation	source_urls
GCST000359	EOCOPD	19300482	direct_copd_susceptibility	European;NR	Both sexes; NAS control component is male where present.	named_cohort_or_biobank	GenKOLS, NETT/NAS and ICGN reused in subsequent Cho/Hobbs/Sakornsakolpat studies; cohort labels do not imply independent replication.	same cohort provenance; exact participant overlap not identifiable	https://pmc.ncbi.nlm.nih.gov/articles/PMC2650282/;https://www.ebi.ac.uk/gwas/studies/GCST000359
GCST000359	GenKOLS	19300482	direct_copd_susceptibility	European;NR	Both sexes; NAS control component is male where present.	named_cohort_or_biobank	GenKOLS, NETT/NAS and ICGN reused in subsequent Cho/Hobbs/Sakornsakolpat studies; cohort labels do not imply independent replication.	same cohort provenance; exact participant overlap not identifiable	https://pmc.ncbi.nlm.nih.gov/articles/PMC2650282/;https://www.ebi.ac.uk/gwas/studies/GCST000359
GCST000359	ICGN	19300482	direct_copd_susceptibility	European;NR	Both sexes; NAS control component is male where present.	named_cohort_or_biobank	GenKOLS, NETT/NAS and ICGN reused in subsequent Cho/Hobbs/Sakornsakolpat studies; cohort labels do not imply independent replication.	same cohort provenance; exact participant overlap not identifiable	https://pmc.ncbi.nlm.nih.gov/articles/PMC2650282/;https://www.ebi.ac.uk/gwas/studies/GCST000359
GCST000359	NAS	19300482	direct_copd_susceptibility	European;NR	Both sexes; NAS control component is male where present.	named_cohort_or_biobank	GenKOLS, NETT/NAS and ICGN reused in subsequent Cho/Hobbs/Sakornsakolpat studies; cohort labels do not imply independent replication.	same cohort provenance; exact participant overlap not identifiable	https://pmc.ncbi.nlm.nih.gov/articles/PMC2650282/;https://www.ebi.ac.uk/gwas/studies/GCST000359
GCST000359	NETT	19300482	direct_copd_susceptibility	European;NR	Both sexes; NAS control component is male where present.	named_cohort_or_biobank	GenKOLS, NETT/NAS and ICGN reused in subsequent Cho/Hobbs/Sakornsakolpat studies; cohort labels do not imply independent replication.	same cohort provenance; exact participant overlap not identifiable	https://pmc.ncbi.nlm.nih.gov/articles/PMC2650282/;https://www.ebi.ac.uk/gwas/studies/GCST000359
GCST000603	COPDGene	20173748	direct_copd_susceptibility	European;NR	Both sexes; NAS control component is male where present.	named_cohort_or_biobank	Discovery reuses Bergen and NETT/NAS from GCST000359; COPDGene replication becomes discovery in GCST001321.	same cohort provenance; exact participant overlap not identifiable	https://pmc.ncbi.nlm.nih.gov/articles/PMC2828499/;https://www.ebi.ac.uk/gwas/studies/GCST000603
GCST000603	ECLIPSE	20173748	direct_copd_susceptibility	European;NR	Both sexes; NAS control component is male where present.	named_cohort_or_biobank	Discovery reuses Bergen and NETT/NAS from GCST000359; COPDGene replication becomes discovery in GCST001321.	same cohort provenance; exact participant overlap not identifiable	https://pmc.ncbi.nlm.nih.gov/articles/PMC2828499/;https://www.ebi.ac.uk/gwas/studies/GCST000603
GCST000603	EOCOPD	20173748	direct_copd_susceptibility	European;NR	Both sexes; NAS control component is male where present.	named_cohort_or_biobank	Discovery reuses Bergen and NETT/NAS from GCST000359; COPDGene replication becomes discovery in GCST001321.	same cohort provenance; exact participant overlap not identifiable	https://pmc.ncbi.nlm.nih.gov/articles/PMC2828499/;https://www.ebi.ac.uk/gwas/studies/GCST000603
GCST000603	GenKOLS	20173748	direct_copd_susceptibility	European;NR	Both sexes; NAS control component is male where present.	named_cohort_or_biobank	Discovery reuses Bergen and NETT/NAS from GCST000359; COPDGene replication becomes discovery in GCST001321.	same cohort provenance; exact participant overlap not identifiable	https://pmc.ncbi.nlm.nih.gov/articles/PMC2828499/;https://www.ebi.ac.uk/gwas/studies/GCST000603
GCST000603	ICGN	20173748	direct_copd_susceptibility	European;NR	Both sexes; NAS control component is male where present.	named_cohort_or_biobank	Discovery reuses Bergen and NETT/NAS from GCST000359; COPDGene replication becomes discovery in GCST001321.	same cohort provenance; exact participant overlap not identifiable	https://pmc.ncbi.nlm.nih.gov/articles/PMC2828499/;https://www.ebi.ac.uk/gwas/studies/GCST000603
GCST000603	NAS	20173748	direct_copd_susceptibility	European;NR	Both sexes; NAS control component is male where present.	named_cohort_or_biobank	Discovery reuses Bergen and NETT/NAS from GCST000359; COPDGene replication becomes discovery in GCST001321.	same cohort provenance; exact participant overlap not identifiable	https://pmc.ncbi.nlm.nih.gov/articles/PMC2828499/;https://www.ebi.ac.uk/gwas/studies/GCST000603
GCST000603	NETT	20173748	direct_copd_susceptibility	European;NR	Both sexes; NAS control component is male where present.	named_cohort_or_biobank	Discovery reuses Bergen and NETT/NAS from GCST000359; COPDGene replication becomes discovery in GCST001321.	same cohort provenance; exact participant overlap not identifiable	https://pmc.ncbi.nlm.nih.gov/articles/PMC2828499/;https://www.ebi.ac.uk/gwas/studies/GCST000603
GCST001321	COPDGene	22080838	direct_copd_susceptibility	European;NR	Both sexes; NAS control component is male where present.	named_cohort_or_biobank	Four discovery cohorts overlap earlier Cho/Pillai and later Cho/Hobbs studies; ICGN reused for family follow-up.	same cohort provenance; exact participant overlap not identifiable	https://pmc.ncbi.nlm.nih.gov/articles/PMC3298111/;https://www.ebi.ac.uk/gwas/studies/GCST001321
GCST001321	ECLIPSE	22080838	direct_copd_susceptibility	European;NR	Both sexes; NAS control component is male where present.	named_cohort_or_biobank	Four discovery cohorts overlap earlier Cho/Pillai and later Cho/Hobbs studies; ICGN reused for family follow-up.	same cohort provenance; exact participant overlap not identifiable	https://pmc.ncbi.nlm.nih.gov/articles/PMC3298111/;https://www.ebi.ac.uk/gwas/studies/GCST001321
GCST001321	GenKOLS	22080838	direct_copd_susceptibility	European;NR	Both sexes; NAS control component is male where present.	named_cohort_or_biobank	Four discovery cohorts overlap earlier Cho/Pillai and later Cho/Hobbs studies; ICGN reused for family follow-up.	same cohort provenance; exact participant overlap not identifiable	https://pmc.ncbi.nlm.nih.gov/articles/PMC3298111/;https://www.ebi.ac.uk/gwas/studies/GCST001321
GCST001321	ICGN	22080838	direct_copd_susceptibility	European;NR	Both sexes; NAS control component is male where present.	named_cohort_or_biobank	Four discovery cohorts overlap earlier Cho/Pillai and later Cho/Hobbs studies; ICGN reused for family follow-up.	same cohort provenance; exact participant overlap not identifiable	https://pmc.ncbi.nlm.nih.gov/articles/PMC3298111/;https://www.ebi.ac.uk/gwas/studies/GCST001321
GCST001321	NAS	22080838	direct_copd_susceptibility	European;NR	Both sexes; NAS control component is male where present.	named_cohort_or_biobank	Four discovery cohorts overlap earlier Cho/Pillai and later Cho/Hobbs studies; ICGN reused for family follow-up.	same cohort provenance; exact participant overlap not identifiable	https://pmc.ncbi.nlm.nih.gov/articles/PMC3298111/;https://www.ebi.ac.uk/gwas/studies/GCST001321
GCST001321	NETT	22080838	direct_copd_susceptibility	European;NR	Both sexes; NAS control component is male where present.	named_cohort_or_biobank	Four discovery cohorts overlap earlier Cho/Pillai and later Cho/Hobbs studies; ICGN reused for family follow-up.	same cohort provenance; exact participant overlap not identifiable	https://pmc.ncbi.nlm.nih.gov/articles/PMC3298111/;https://www.ebi.ac.uk/gwas/studies/GCST001321
GCST001686	BLSA	22986903	progression_decline	European;NR	Both sexes; not sex-specific.	named_cohort_or_biobank	ECLIPSE and general-population replication cohorts overlap some later COPD consortium analyses; discovery LHS differs from classic case-control discovery.	same cohort provenance; exact participant overlap not identifiable	https://pmc.ncbi.nlm.nih.gov/articles/PMC3536920/;https://www.ebi.ac.uk/gwas/studies/GCST001686
GCST001686	CHS	22986903	progression_decline	European;NR	Both sexes; not sex-specific.	named_cohort_or_biobank	ECLIPSE and general-population replication cohorts overlap some later COPD consortium analyses; discovery LHS differs from classic case-control discovery.	same cohort provenance; exact participant overlap not identifiable	https://pmc.ncbi.nlm.nih.gov/articles/PMC3536920/;https://www.ebi.ac.uk/gwas/studies/GCST001686
GCST001686	ECLIPSE	22986903	progression_decline	European;NR	Both sexes; not sex-specific.	named_cohort_or_biobank	ECLIPSE and general-population replication cohorts overlap some later COPD consortium analyses; discovery LHS differs from classic case-control discovery.	same cohort provenance; exact participant overlap not identifiable	https://pmc.ncbi.nlm.nih.gov/articles/PMC3536920/;https://www.ebi.ac.uk/gwas/studies/GCST001686
GCST001686	FHS	22986903	progression_decline	European;NR	Both sexes; not sex-specific.	named_cohort_or_biobank	ECLIPSE and general-population replication cohorts overlap some later COPD consortium analyses; discovery LHS differs from classic case-control discovery.	same cohort provenance; exact participant overlap not identifiable	https://pmc.ncbi.nlm.nih.gov/articles/PMC3536920/;https://www.ebi.ac.uk/gwas/studies/GCST001686
GCST001686	LHS	22986903	progression_decline	European;NR	Both sexes; not sex-specific.	named_cohort_or_biobank	ECLIPSE and general-population replication cohorts overlap some later COPD consortium analyses; discovery LHS differs from classic case-control discovery.	same cohort provenance; exact participant overlap not identifiable	https://pmc.ncbi.nlm.nih.gov/articles/PMC3536920/;https://www.ebi.ac.uk/gwas/studies/GCST001686
GCST001686	NELSON	22986903	progression_decline	European;NR	Both sexes; not sex-specific.	named_cohort_or_biobank	ECLIPSE and general-population replication cohorts overlap some later COPD consortium analyses; discovery LHS differs from classic case-control discovery.	same cohort provenance; exact participant overlap not identifiable	https://pmc.ncbi.nlm.nih.gov/articles/PMC3536920/;https://www.ebi.ac.uk/gwas/studies/GCST001686
GCST002350	COPDGene	24621683	direct_copd_susceptibility	African American or Afro-Caribbean;European;NR	Both sexes; NAS control component is male where present.	named_cohort_or_biobank	Nested severe subset of GCST002351 with shared controls; overlapping older discovery cohorts. Not an independent replication.	same cohort provenance; exact participant overlap not identifiable	https://pmc.ncbi.nlm.nih.gov/articles/PMC4176924/;https://www.ebi.ac.uk/gwas/studies/GCST002350
GCST002350	ECLIPSE	24621683	direct_copd_susceptibility	African American or Afro-Caribbean;European;NR	Both sexes; NAS control component is male where present.	named_cohort_or_biobank	Nested severe subset of GCST002351 with shared controls; overlapping older discovery cohorts. Not an independent replication.	same cohort provenance; exact participant overlap not identifiable	https://pmc.ncbi.nlm.nih.gov/articles/PMC4176924/;https://www.ebi.ac.uk/gwas/studies/GCST002350
GCST002350	GenKOLS	24621683	direct_copd_susceptibility	African American or Afro-Caribbean;European;NR	Both sexes; NAS control component is male where present.	named_cohort_or_biobank	Nested severe subset of GCST002351 with shared controls; overlapping older discovery cohorts. Not an independent replication.	same cohort provenance; exact participant overlap not identifiable	https://pmc.ncbi.nlm.nih.gov/articles/PMC4176924/;https://www.ebi.ac.uk/gwas/studies/GCST002350
GCST002350	ICGN	24621683	direct_copd_susceptibility	African American or Afro-Caribbean;European;NR	Both sexes; NAS control component is male where present.	named_cohort_or_biobank	Nested severe subset of GCST002351 with shared controls; overlapping older discovery cohorts. Not an independent replication.	same cohort provenance; exact participant overlap not identifiable	https://pmc.ncbi.nlm.nih.gov/articles/PMC4176924/;https://www.ebi.ac.uk/gwas/studies/GCST002350
GCST002350	NAS	24621683	direct_copd_susceptibility	African American or Afro-Caribbean;European;NR	Both sexes; NAS control component is male where present.	named_cohort_or_biobank	Nested severe subset of GCST002351 with shared controls; overlapping older discovery cohorts. Not an independent replication.	same cohort provenance; exact participant overlap not identifiable	https://pmc.ncbi.nlm.nih.gov/articles/PMC4176924/;https://www.ebi.ac.uk/gwas/studies/GCST002350
GCST002350	NETT	24621683	direct_copd_susceptibility	African American or Afro-Caribbean;European;NR	Both sexes; NAS control component is male where present.	named_cohort_or_biobank	Nested severe subset of GCST002351 with shared controls; overlapping older discovery cohorts. Not an independent replication.	same cohort provenance; exact participant overlap not identifiable	https://pmc.ncbi.nlm.nih.gov/articles/PMC4176924/;https://www.ebi.ac.uk/gwas/studies/GCST002350
GCST002351	COPDGene	24621683	direct_copd_susceptibility	African American or Afro-Caribbean;European;NR	Both sexes; NAS control component is male where present.	named_cohort_or_biobank	Contains severe cases used in GCST002350 and shares controls; reuses earlier study cohorts.	same cohort provenance; exact participant overlap not identifiable	https://pmc.ncbi.nlm.nih.gov/articles/PMC4176924/;https://www.ebi.ac.uk/gwas/studies/GCST002351
GCST002351	ECLIPSE	24621683	direct_copd_susceptibility	African American or Afro-Caribbean;European;NR	Both sexes; NAS control component is male where present.	named_cohort_or_biobank	Contains severe cases used in GCST002350 and shares controls; reuses earlier study cohorts.	same cohort provenance; exact participant overlap not identifiable	https://pmc.ncbi.nlm.nih.gov/articles/PMC4176924/;https://www.ebi.ac.uk/gwas/studies/GCST002351
GCST002351	GenKOLS	24621683	direct_copd_susceptibility	African American or Afro-Caribbean;European;NR	Both sexes; NAS control component is male where present.	named_cohort_or_biobank	Contains severe cases used in GCST002350 and shares controls; reuses earlier study cohorts.	same cohort provenance; exact participant overlap not identifiable	https://pmc.ncbi.nlm.nih.gov/articles/PMC4176924/;https://www.ebi.ac.uk/gwas/studies/GCST002351
GCST002351	ICGN	24621683	direct_copd_susceptibility	African American or Afro-Caribbean;European;NR	Both sexes; NAS control component is male where present.	named_cohort_or_biobank	Contains severe cases used in GCST002350 and shares controls; reuses earlier study cohorts.	same cohort provenance; exact participant overlap not identifiable	https://pmc.ncbi.nlm.nih.gov/articles/PMC4176924/;https://www.ebi.ac.uk/gwas/studies/GCST002351
GCST002351	NAS	24621683	direct_copd_susceptibility	African American or Afro-Caribbean;European;NR	Both sexes; NAS control component is male where present.	named_cohort_or_biobank	Contains severe cases used in GCST002350 and shares controls; reuses earlier study cohorts.	same cohort provenance; exact participant overlap not identifiable	https://pmc.ncbi.nlm.nih.gov/articles/PMC4176924/;https://www.ebi.ac.uk/gwas/studies/GCST002351
GCST002351	NETT	24621683	direct_copd_susceptibility	African American or Afro-Caribbean;European;NR	Both sexes; NAS control component is male where present.	named_cohort_or_biobank	Contains severe cases used in GCST002350 and shares controls; reuses earlier study cohorts.	same cohort provenance; exact participant overlap not identifiable	https://pmc.ncbi.nlm.nih.gov/articles/PMC4176924/;https://www.ebi.ac.uk/gwas/studies/GCST002351
GCST002624	COPDGene	25241909	direct_copd_susceptibility	European	Both sexes; not sex-specific.	named_cohort_or_biobank	Subsets of cohorts already used in susceptibility GWAS; not independent replication.	same cohort provenance; exact participant overlap not identifiable	https://pmc.ncbi.nlm.nih.gov/articles/PMC4190389/;https://www.ebi.ac.uk/gwas/studies/GCST002624
GCST002624	ECLIPSE	25241909	direct_copd_susceptibility	European	Both sexes; not sex-specific.	named_cohort_or_biobank	Subsets of cohorts already used in susceptibility GWAS; not independent replication.	same cohort provenance; exact participant overlap not identifiable	https://pmc.ncbi.nlm.nih.gov/articles/PMC4190389/;https://www.ebi.ac.uk/gwas/studies/GCST002624
GCST002624	GenKOLS	25241909	direct_copd_susceptibility	European	Both sexes; not sex-specific.	named_cohort_or_biobank	Subsets of cohorts already used in susceptibility GWAS; not independent replication.	same cohort provenance; exact participant overlap not identifiable	https://pmc.ncbi.nlm.nih.gov/articles/PMC4190389/;https://www.ebi.ac.uk/gwas/studies/GCST002624
GCST002750	COPDGene	25584925	direct_copd_susceptibility	Hispanic or Latin American	Both sexes; not sex-specific.	named_cohort_or_biobank	MESA and COPDGene overlap later consortium provenance; Costa Rica and Lovelace are separate named cohorts.	same cohort provenance; exact participant overlap not identifiable	https://pmc.ncbi.nlm.nih.gov/articles/PMC4418314/;https://www.ebi.ac.uk/gwas/studies/GCST002750
GCST002750	CostaRicaCOPD	25584925	direct_copd_susceptibility	Hispanic or Latin American	Both sexes; not sex-specific.	named_cohort_or_biobank	MESA and COPDGene overlap later consortium provenance; Costa Rica and Lovelace are separate named cohorts.	same cohort provenance; exact participant overlap not identifiable	https://pmc.ncbi.nlm.nih.gov/articles/PMC4418314/;https://www.ebi.ac.uk/gwas/studies/GCST002750
GCST002750	LovelaceSmokers	25584925	direct_copd_susceptibility	Hispanic or Latin American	Both sexes; not sex-specific.	named_cohort_or_biobank	MESA and COPDGene overlap later consortium provenance; Costa Rica and Lovelace are separate named cohorts.	same cohort provenance; exact participant overlap not identifiable	https://pmc.ncbi.nlm.nih.gov/articles/PMC4418314/;https://www.ebi.ac.uk/gwas/studies/GCST002750
GCST002750	MESA	25584925	direct_copd_susceptibility	Hispanic or Latin American	Both sexes; not sex-specific.	named_cohort_or_biobank	MESA and COPDGene overlap later consortium provenance; Costa Rica and Lovelace are separate named cohorts.	same cohort provenance; exact participant overlap not identifiable	https://pmc.ncbi.nlm.nih.gov/articles/PMC4418314/;https://www.ebi.ac.uk/gwas/studies/GCST002750
GCST002795	COPDGene	25101718	direct_copd_susceptibility	African American or Afro-Caribbean;European	Both sexes; not sex-specific.	named_cohort_or_biobank	Subtype-selected subsets of earlier susceptibility cohorts; COPDGene EUR/AFR and ECLIPSE share participants with other studies.	same cohort provenance; exact participant overlap not identifiable	https://pmc.ncbi.nlm.nih.gov/articles/PMC4370263/;https://www.ebi.ac.uk/gwas/studies/GCST002795
GCST002795	ECLIPSE	25101718	direct_copd_susceptibility	African American or Afro-Caribbean;European	Both sexes; not sex-specific.	named_cohort_or_biobank	Subtype-selected subsets of earlier susceptibility cohorts; COPDGene EUR/AFR and ECLIPSE share participants with other studies.	same cohort provenance; exact participant overlap not identifiable	https://pmc.ncbi.nlm.nih.gov/articles/PMC4370263/;https://www.ebi.ac.uk/gwas/studies/GCST002795
GCST004147	ARIC	28166215	direct_copd_susceptibility	African American or Afro-Caribbean;East Asian;European;Hispanic or Latin American	Both sexes; NAS control component is male where present.	named_cohort_or_biobank	Consortium reuses classic COPD cohorts; UK BiLEVE replication is a UKB subset and overlaps later UKB studies. Catalog discovery/replication counts differ from paper stage totals due genotyping/staging.	same cohort provenance; exact participant overlap not identifiable	https://pmc.ncbi.nlm.nih.gov/articles/PMC5381275/;https://www.ebi.ac.uk/gwas/studies/GCST004147
GCST004147	B58	28166215	direct_copd_susceptibility	African American or Afro-Caribbean;East Asian;European;Hispanic or Latin American	Both sexes; NAS control component is male where present.	named_cohort_or_biobank	Consortium reuses classic COPD cohorts; UK BiLEVE replication is a UKB subset and overlaps later UKB studies. Catalog discovery/replication counts differ from paper stage totals due genotyping/staging.	same cohort provenance; exact participant overlap not identifiable	https://pmc.ncbi.nlm.nih.gov/articles/PMC5381275/;https://www.ebi.ac.uk/gwas/studies/GCST004147
GCST004147	CHS	28166215	direct_copd_susceptibility	African American or Afro-Caribbean;East Asian;European;Hispanic or Latin American	Both sexes; NAS control component is male where present.	named_cohort_or_biobank	Consortium reuses classic COPD cohorts; UK BiLEVE replication is a UKB subset and overlaps later UKB studies. Catalog discovery/replication counts differ from paper stage totals due genotyping/staging.	same cohort provenance; exact participant overlap not identifiable	https://pmc.ncbi.nlm.nih.gov/articles/PMC5381275/;https://www.ebi.ac.uk/gwas/studies/GCST004147
GCST004147	COPACETIC	28166215	direct_copd_susceptibility	African American or Afro-Caribbean;East Asian;European;Hispanic or Latin American	Both sexes; NAS control component is male where present.	named_cohort_or_biobank	Consortium reuses classic COPD cohorts; UK BiLEVE replication is a UKB subset and overlaps later UKB studies. Catalog discovery/replication counts differ from paper stage totals due genotyping/staging.	same cohort provenance; exact participant overlap not identifiable	https://pmc.ncbi.nlm.nih.gov/articles/PMC5381275/;https://www.ebi.ac.uk/gwas/studies/GCST004147
GCST004147	COPDGene	28166215	direct_copd_susceptibility	African American or Afro-Caribbean;East Asian;European;Hispanic or Latin American	Both sexes; NAS control component is male where present.	named_cohort_or_biobank	Consortium reuses classic COPD cohorts; UK BiLEVE replication is a UKB subset and overlaps later UKB studies. Catalog discovery/replication counts differ from paper stage totals due genotyping/staging.	same cohort provenance; exact participant overlap not identifiable	https://pmc.ncbi.nlm.nih.gov/articles/PMC5381275/;https://www.ebi.ac.uk/gwas/studies/GCST004147
GCST004147	ECLIPSE	28166215	direct_copd_susceptibility	African American or Afro-Caribbean;East Asian;European;Hispanic or Latin American	Both sexes; NAS control component is male where present.	named_cohort_or_biobank	Consortium reuses classic COPD cohorts; UK BiLEVE replication is a UKB subset and overlaps later UKB studies. Catalog discovery/replication counts differ from paper stage totals due genotyping/staging.	same cohort provenance; exact participant overlap not identifiable	https://pmc.ncbi.nlm.nih.gov/articles/PMC5381275/;https://www.ebi.ac.uk/gwas/studies/GCST004147
GCST004147	EOCOPD	28166215	direct_copd_susceptibility	African American or Afro-Caribbean;East Asian;European;Hispanic or Latin American	Both sexes; NAS control component is male where present.	named_cohort_or_biobank	Consortium reuses classic COPD cohorts; UK BiLEVE replication is a UKB subset and overlaps later UKB studies. Catalog discovery/replication counts differ from paper stage totals due genotyping/staging.	same cohort provenance; exact participant overlap not identifiable	https://pmc.ncbi.nlm.nih.gov/articles/PMC5381275/;https://www.ebi.ac.uk/gwas/studies/GCST004147
GCST004147	FHS	28166215	direct_copd_susceptibility	African American or Afro-Caribbean;East Asian;European;Hispanic or Latin American	Both sexes; NAS control component is male where present.	named_cohort_or_biobank	Consortium reuses classic COPD cohorts; UK BiLEVE replication is a UKB subset and overlaps later UKB studies. Catalog discovery/replication counts differ from paper stage totals due genotyping/staging.	same cohort provenance; exact participant overlap not identifiable	https://pmc.ncbi.nlm.nih.gov/articles/PMC5381275/;https://www.ebi.ac.uk/gwas/studies/GCST004147
GCST004147	GenKOLS	28166215	direct_copd_susceptibility	African American or Afro-Caribbean;East Asian;European;Hispanic or Latin American	Both sexes; NAS control component is male where present.	named_cohort_or_biobank	Consortium reuses classic COPD cohorts; UK BiLEVE replication is a UKB subset and overlaps later UKB studies. Catalog discovery/replication counts differ from paper stage totals due genotyping/staging.	same cohort provenance; exact participant overlap not identifiable	https://pmc.ncbi.nlm.nih.gov/articles/PMC5381275/;https://www.ebi.ac.uk/gwas/studies/GCST004147
GCST004147	ICGC	28166215	direct_copd_susceptibility	African American or Afro-Caribbean;East Asian;European;Hispanic or Latin American	Both sexes; NAS control component is male where present.	consortium_umbrella_not_independent_cohort	Consortium reuses classic COPD cohorts; UK BiLEVE replication is a UKB subset and overlaps later UKB studies. Catalog discovery/replication counts differ from paper stage totals due genotyping/staging.	same cohort provenance; exact participant overlap not identifiable	https://pmc.ncbi.nlm.nih.gov/articles/PMC5381275/;https://www.ebi.ac.uk/gwas/studies/GCST004147
GCST004147	ICGN	28166215	direct_copd_susceptibility	African American or Afro-Caribbean;East Asian;European;Hispanic or Latin American	Both sexes; NAS control component is male where present.	named_cohort_or_biobank	Consortium reuses classic COPD cohorts; UK BiLEVE replication is a UKB subset and overlaps later UKB studies. Catalog discovery/replication counts differ from paper stage totals due genotyping/staging.	same cohort provenance; exact participant overlap not identifiable	https://pmc.ncbi.nlm.nih.gov/articles/PMC5381275/;https://www.ebi.ac.uk/gwas/studies/GCST004147
GCST004147	KARE	28166215	direct_copd_susceptibility	African American or Afro-Caribbean;East Asian;European;Hispanic or Latin American	Both sexes; NAS control component is male where present.	named_cohort_or_biobank	Consortium reuses classic COPD cohorts; UK BiLEVE replication is a UKB subset and overlaps later UKB studies. Catalog discovery/replication counts differ from paper stage totals due genotyping/staging.	same cohort provenance; exact participant overlap not identifiable	https://pmc.ncbi.nlm.nih.gov/articles/PMC5381275/;https://www.ebi.ac.uk/gwas/studies/GCST004147
GCST004147	Lung_eQTL	28166215	direct_copd_susceptibility	African American or Afro-Caribbean;East Asian;European;Hispanic or Latin American	Both sexes; NAS control component is male where present.	named_cohort_or_biobank	Consortium reuses classic COPD cohorts; UK BiLEVE replication is a UKB subset and overlaps later UKB studies. Catalog discovery/replication counts differ from paper stage totals due genotyping/staging.	same cohort provenance; exact participant overlap not identifiable	https://pmc.ncbi.nlm.nih.gov/articles/PMC5381275/;https://www.ebi.ac.uk/gwas/studies/GCST004147
GCST004147	MESA	28166215	direct_copd_susceptibility	African American or Afro-Caribbean;East Asian;European;Hispanic or Latin American	Both sexes; NAS control component is male where present.	named_cohort_or_biobank	Consortium reuses classic COPD cohorts; UK BiLEVE replication is a UKB subset and overlaps later UKB studies. Catalog discovery/replication counts differ from paper stage totals due genotyping/staging.	same cohort provenance; exact participant overlap not identifiable	https://pmc.ncbi.nlm.nih.gov/articles/PMC5381275/;https://www.ebi.ac.uk/gwas/studies/GCST004147
GCST004147	NAS	28166215	direct_copd_susceptibility	African American or Afro-Caribbean;East Asian;European;Hispanic or Latin American	Both sexes; NAS control component is male where present.	named_cohort_or_biobank	Consortium reuses classic COPD cohorts; UK BiLEVE replication is a UKB subset and overlaps later UKB studies. Catalog discovery/replication counts differ from paper stage totals due genotyping/staging.	same cohort provenance; exact participant overlap not identifiable	https://pmc.ncbi.nlm.nih.gov/articles/PMC5381275/;https://www.ebi.ac.uk/gwas/studies/GCST004147
GCST004147	NETT	28166215	direct_copd_susceptibility	African American or Afro-Caribbean;East Asian;European;Hispanic or Latin American	Both sexes; NAS control component is male where present.	named_cohort_or_biobank	Consortium reuses classic COPD cohorts; UK BiLEVE replication is a UKB subset and overlaps later UKB studies. Catalog discovery/replication counts differ from paper stage totals due genotyping/staging.	same cohort provenance; exact participant overlap not identifiable	https://pmc.ncbi.nlm.nih.gov/articles/PMC5381275/;https://www.ebi.ac.uk/gwas/studies/GCST004147
GCST004147	Rotterdam	28166215	direct_copd_susceptibility	African American or Afro-Caribbean;East Asian;European;Hispanic or Latin American	Both sexes; NAS control component is male where present.	named_cohort_or_biobank	Consortium reuses classic COPD cohorts; UK BiLEVE replication is a UKB subset and overlaps later UKB studies. Catalog discovery/replication counts differ from paper stage totals due genotyping/staging.	same cohort provenance; exact participant overlap not identifiable	https://pmc.ncbi.nlm.nih.gov/articles/PMC5381275/;https://www.ebi.ac.uk/gwas/studies/GCST004147
GCST004147	SPIROMICS	28166215	direct_copd_susceptibility	African American or Afro-Caribbean;East Asian;European;Hispanic or Latin American	Both sexes; NAS control component is male where present.	named_cohort_or_biobank	Consortium reuses classic COPD cohorts; UK BiLEVE replication is a UKB subset and overlaps later UKB studies. Catalog discovery/replication counts differ from paper stage totals due genotyping/staging.	same cohort provenance; exact participant overlap not identifiable	https://pmc.ncbi.nlm.nih.gov/articles/PMC5381275/;https://www.ebi.ac.uk/gwas/studies/GCST004147
GCST004147	TCGS	28166215	direct_copd_susceptibility	African American or Afro-Caribbean;East Asian;European;Hispanic or Latin American	Both sexes; NAS control component is male where present.	named_cohort_or_biobank	Consortium reuses classic COPD cohorts; UK BiLEVE replication is a UKB subset and overlaps later UKB studies. Catalog discovery/replication counts differ from paper stage totals due genotyping/staging.	same cohort provenance; exact participant overlap not identifiable	https://pmc.ncbi.nlm.nih.gov/articles/PMC5381275/;https://www.ebi.ac.uk/gwas/studies/GCST004147
GCST004147	UKB	28166215	direct_copd_susceptibility	African American or Afro-Caribbean;East Asian;European;Hispanic or Latin American	Both sexes; NAS control component is male where present.	named_cohort_or_biobank	Consortium reuses classic COPD cohorts; UK BiLEVE replication is a UKB subset and overlaps later UKB studies. Catalog discovery/replication counts differ from paper stage totals due genotyping/staging.	same cohort provenance; exact participant overlap not identifiable	https://pmc.ncbi.nlm.nih.gov/articles/PMC5381275/;https://www.ebi.ac.uk/gwas/studies/GCST004147
GCST005417	CHARGE	29394082	direct_copd_susceptibility	European;Hispanic or Latin American	Both sexes; not sex-specific.	consortium_umbrella_not_independent_cohort	HCHS/SOL may overlap later analyses using HCHS/SOL; European CHARGE follow-up cohorts are not independent of all later lung/COPD consortia.	same cohort provenance; exact participant overlap not identifiable	https://pmc.ncbi.nlm.nih.gov/articles/PMC6058984/;https://www.ebi.ac.uk/gwas/studies/GCST005417
GCST005417	HCHS_SOL	29394082	direct_copd_susceptibility	European;Hispanic or Latin American	Both sexes; not sex-specific.	named_cohort_or_biobank	HCHS/SOL may overlap later analyses using HCHS/SOL; European CHARGE follow-up cohorts are not independent of all later lung/COPD consortia.	same cohort provenance; exact participant overlap not identifiable	https://pmc.ncbi.nlm.nih.gov/articles/PMC6058984/;https://www.ebi.ac.uk/gwas/studies/GCST005417
GCST90436220	UKB	30104761	ehr_copd_susceptibility	European	Both sexes; not sex-specific.	named_cohort_or_biobank	Shared UKB recruitment with later UKB spirometric, ML, PheCode, ICD and sequencing studies; no independent replication implied.	same cohort provenance; exact participant overlap not identifiable	https://pmc.ncbi.nlm.nih.gov/articles/PMC6119127/;https://www.ebi.ac.uk/gwas/studies/GCST90436220;https://www.leelabsg.org/resources
GCST007692	COPDGene	30804561	direct_copd_susceptibility	European, East Asian, African American or Afro-Caribbean, Hispanic or Latin American, NR	Both sexes; NAS control component is male where present.	named_cohort_or_biobank	UKB plus ICGC reuse much of Hobbs 2017/earlier cohort provenance. Listed classic components are overlap anchors, not exhaustive 25-cohort enumeration.	same cohort provenance; exact participant overlap not identifiable	https://pmc.ncbi.nlm.nih.gov/articles/PMC6546635/;https://www.ebi.ac.uk/gwas/studies/GCST007692
GCST007692	ECLIPSE	30804561	direct_copd_susceptibility	European, East Asian, African American or Afro-Caribbean, Hispanic or Latin American, NR	Both sexes; NAS control component is male where present.	named_cohort_or_biobank	UKB plus ICGC reuse much of Hobbs 2017/earlier cohort provenance. Listed classic components are overlap anchors, not exhaustive 25-cohort enumeration.	same cohort provenance; exact participant overlap not identifiable	https://pmc.ncbi.nlm.nih.gov/articles/PMC6546635/;https://www.ebi.ac.uk/gwas/studies/GCST007692
GCST007692	GenKOLS	30804561	direct_copd_susceptibility	European, East Asian, African American or Afro-Caribbean, Hispanic or Latin American, NR	Both sexes; NAS control component is male where present.	named_cohort_or_biobank	UKB plus ICGC reuse much of Hobbs 2017/earlier cohort provenance. Listed classic components are overlap anchors, not exhaustive 25-cohort enumeration.	same cohort provenance; exact participant overlap not identifiable	https://pmc.ncbi.nlm.nih.gov/articles/PMC6546635/;https://www.ebi.ac.uk/gwas/studies/GCST007692
GCST007692	ICGC	30804561	direct_copd_susceptibility	European, East Asian, African American or Afro-Caribbean, Hispanic or Latin American, NR	Both sexes; NAS control component is male where present.	consortium_umbrella_not_independent_cohort	UKB plus ICGC reuse much of Hobbs 2017/earlier cohort provenance. Listed classic components are overlap anchors, not exhaustive 25-cohort enumeration.	same cohort provenance; exact participant overlap not identifiable	https://pmc.ncbi.nlm.nih.gov/articles/PMC6546635/;https://www.ebi.ac.uk/gwas/studies/GCST007692
GCST007692	NAS	30804561	direct_copd_susceptibility	European, East Asian, African American or Afro-Caribbean, Hispanic or Latin American, NR	Both sexes; NAS control component is male where present.	named_cohort_or_biobank	UKB plus ICGC reuse much of Hobbs 2017/earlier cohort provenance. Listed classic components are overlap anchors, not exhaustive 25-cohort enumeration.	same cohort provenance; exact participant overlap not identifiable	https://pmc.ncbi.nlm.nih.gov/articles/PMC6546635/;https://www.ebi.ac.uk/gwas/studies/GCST007692
GCST007692	NETT	30804561	direct_copd_susceptibility	European, East Asian, African American or Afro-Caribbean, Hispanic or Latin American, NR	Both sexes; NAS control component is male where present.	named_cohort_or_biobank	UKB plus ICGC reuse much of Hobbs 2017/earlier cohort provenance. Listed classic components are overlap anchors, not exhaustive 25-cohort enumeration.	same cohort provenance; exact participant overlap not identifiable	https://pmc.ncbi.nlm.nih.gov/articles/PMC6546635/;https://www.ebi.ac.uk/gwas/studies/GCST007692
GCST007692	UKB	30804561	direct_copd_susceptibility	European, East Asian, African American or Afro-Caribbean, Hispanic or Latin American, NR	Both sexes; NAS control component is male where present.	named_cohort_or_biobank	UKB plus ICGC reuse much of Hobbs 2017/earlier cohort provenance. Listed classic components are overlap anchors, not exhaustive 25-cohort enumeration.	same cohort provenance; exact participant overlap not identifiable	https://pmc.ncbi.nlm.nih.gov/articles/PMC6546635/;https://www.ebi.ac.uk/gwas/studies/GCST007692
GCST007996	UKB	31036433	unresolved	European	Both sexes; not sex-specific.	named_cohort_or_biobank	UKB overlaps later EHR/ML/spirometric accessions and uses shared asthma-study controls.	same cohort provenance; exact participant overlap not identifiable	https://pmc.ncbi.nlm.nih.gov/articles/PMC6534440/;https://pmc.ncbi.nlm.nih.gov/articles/instance/6534440/bin/NIHMS1528673-supplement-1.pdf;https://www.ebi.ac.uk/gwas/rest/api/studies/GCST007996
GCST010249	Talca_Chile	32222710	direct_copd_susceptibility	Hispanic or Latin American	both sexes; no sex-stratified test reported for this accession	named_cohort_or_biobank	Known same 214 cases/193 controls in Hosgood 2020 and Diaz-Pena 2020; not independent replication.	same cohort provenance; exact participant overlap not identifiable	https://pubmed.ncbi.nlm.nih.gov/32222710/;https://www.ebi.ac.uk/gwas/studies/GCST010249
GCST90013709	BBJ	32514122	direct_copd_susceptibility	East Asian	combined sexes	named_cohort_or_biobank	BBJ sex strata overlap the combined-sex accession and later BBJ/Sakaue/GBMI analyses; control cohorts shared across BBJ disease GWAS.	same cohort provenance; exact participant overlap not identifiable	https://pmc.ncbi.nlm.nih.gov/articles/PMC5363792/;https://pmc.ncbi.nlm.nih.gov/articles/PMC7968075/;https://www.ebi.ac.uk/gwas/studies/GCST90013709
GCST90013709	IMM	32514122	direct_copd_susceptibility	East Asian	combined sexes	named_cohort_or_biobank	BBJ sex strata overlap the combined-sex accession and later BBJ/Sakaue/GBMI analyses; control cohorts shared across BBJ disease GWAS.	same cohort provenance; exact participant overlap not identifiable	https://pmc.ncbi.nlm.nih.gov/articles/PMC5363792/;https://pmc.ncbi.nlm.nih.gov/articles/PMC7968075/;https://www.ebi.ac.uk/gwas/studies/GCST90013709
GCST90013709	J-MICC	32514122	direct_copd_susceptibility	East Asian	combined sexes	named_cohort_or_biobank	BBJ sex strata overlap the combined-sex accession and later BBJ/Sakaue/GBMI analyses; control cohorts shared across BBJ disease GWAS.	same cohort provenance; exact participant overlap not identifiable	https://pmc.ncbi.nlm.nih.gov/articles/PMC5363792/;https://pmc.ncbi.nlm.nih.gov/articles/PMC7968075/;https://www.ebi.ac.uk/gwas/studies/GCST90013709
GCST90013709	JPHC	32514122	direct_copd_susceptibility	East Asian	combined sexes	named_cohort_or_biobank	BBJ sex strata overlap the combined-sex accession and later BBJ/Sakaue/GBMI analyses; control cohorts shared across BBJ disease GWAS.	same cohort provenance; exact participant overlap not identifiable	https://pmc.ncbi.nlm.nih.gov/articles/PMC5363792/;https://pmc.ncbi.nlm.nih.gov/articles/PMC7968075/;https://www.ebi.ac.uk/gwas/studies/GCST90013709
GCST90013709	ToMMo	32514122	direct_copd_susceptibility	East Asian	combined sexes	named_cohort_or_biobank	BBJ sex strata overlap the combined-sex accession and later BBJ/Sakaue/GBMI analyses; control cohorts shared across BBJ disease GWAS.	same cohort provenance; exact participant overlap not identifiable	https://pmc.ncbi.nlm.nih.gov/articles/PMC5363792/;https://pmc.ncbi.nlm.nih.gov/articles/PMC7968075/;https://www.ebi.ac.uk/gwas/studies/GCST90013709
GCST90013746	BBJ	32514122	direct_copd_susceptibility	East Asian	male-only	named_cohort_or_biobank	BBJ sex strata overlap the combined-sex accession and later BBJ/Sakaue/GBMI analyses; control cohorts shared across BBJ disease GWAS.	same cohort provenance; exact participant overlap not identifiable	https://pmc.ncbi.nlm.nih.gov/articles/PMC5363792/;https://pmc.ncbi.nlm.nih.gov/articles/PMC7968075/;https://www.ebi.ac.uk/gwas/studies/GCST90013746
GCST90013746	IMM	32514122	direct_copd_susceptibility	East Asian	male-only	named_cohort_or_biobank	BBJ sex strata overlap the combined-sex accession and later BBJ/Sakaue/GBMI analyses; control cohorts shared across BBJ disease GWAS.	same cohort provenance; exact participant overlap not identifiable	https://pmc.ncbi.nlm.nih.gov/articles/PMC5363792/;https://pmc.ncbi.nlm.nih.gov/articles/PMC7968075/;https://www.ebi.ac.uk/gwas/studies/GCST90013746
GCST90013746	J-MICC	32514122	direct_copd_susceptibility	East Asian	male-only	named_cohort_or_biobank	BBJ sex strata overlap the combined-sex accession and later BBJ/Sakaue/GBMI analyses; control cohorts shared across BBJ disease GWAS.	same cohort provenance; exact participant overlap not identifiable	https://pmc.ncbi.nlm.nih.gov/articles/PMC5363792/;https://pmc.ncbi.nlm.nih.gov/articles/PMC7968075/;https://www.ebi.ac.uk/gwas/studies/GCST90013746
GCST90013746	JPHC	32514122	direct_copd_susceptibility	East Asian	male-only	named_cohort_or_biobank	BBJ sex strata overlap the combined-sex accession and later BBJ/Sakaue/GBMI analyses; control cohorts shared across BBJ disease GWAS.	same cohort provenance; exact participant overlap not identifiable	https://pmc.ncbi.nlm.nih.gov/articles/PMC5363792/;https://pmc.ncbi.nlm.nih.gov/articles/PMC7968075/;https://www.ebi.ac.uk/gwas/studies/GCST90013746
GCST90013746	ToMMo	32514122	direct_copd_susceptibility	East Asian	male-only	named_cohort_or_biobank	BBJ sex strata overlap the combined-sex accession and later BBJ/Sakaue/GBMI analyses; control cohorts shared across BBJ disease GWAS.	same cohort provenance; exact participant overlap not identifiable	https://pmc.ncbi.nlm.nih.gov/articles/PMC5363792/;https://pmc.ncbi.nlm.nih.gov/articles/PMC7968075/;https://www.ebi.ac.uk/gwas/studies/GCST90013746
GCST90013781	BBJ	32514122	direct_copd_susceptibility	East Asian	female-only	named_cohort_or_biobank	BBJ sex strata overlap the combined-sex accession and later BBJ/Sakaue/GBMI analyses; control cohorts shared across BBJ disease GWAS.	same cohort provenance; exact participant overlap not identifiable	https://pmc.ncbi.nlm.nih.gov/articles/PMC5363792/;https://pmc.ncbi.nlm.nih.gov/articles/PMC7968075/;https://www.ebi.ac.uk/gwas/studies/GCST90013781
GCST90013781	IMM	32514122	direct_copd_susceptibility	East Asian	female-only	named_cohort_or_biobank	BBJ sex strata overlap the combined-sex accession and later BBJ/Sakaue/GBMI analyses; control cohorts shared across BBJ disease GWAS.	same cohort provenance; exact participant overlap not identifiable	https://pmc.ncbi.nlm.nih.gov/articles/PMC5363792/;https://pmc.ncbi.nlm.nih.gov/articles/PMC7968075/;https://www.ebi.ac.uk/gwas/studies/GCST90013781
GCST90013781	J-MICC	32514122	direct_copd_susceptibility	East Asian	female-only	named_cohort_or_biobank	BBJ sex strata overlap the combined-sex accession and later BBJ/Sakaue/GBMI analyses; control cohorts shared across BBJ disease GWAS.	same cohort provenance; exact participant overlap not identifiable	https://pmc.ncbi.nlm.nih.gov/articles/PMC5363792/;https://pmc.ncbi.nlm.nih.gov/articles/PMC7968075/;https://www.ebi.ac.uk/gwas/studies/GCST90013781
GCST90013781	JPHC	32514122	direct_copd_susceptibility	East Asian	female-only	named_cohort_or_biobank	BBJ sex strata overlap the combined-sex accession and later BBJ/Sakaue/GBMI analyses; control cohorts shared across BBJ disease GWAS.	same cohort provenance; exact participant overlap not identifiable	https://pmc.ncbi.nlm.nih.gov/articles/PMC5363792/;https://pmc.ncbi.nlm.nih.gov/articles/PMC7968075/;https://www.ebi.ac.uk/gwas/studies/GCST90013781
GCST90013781	ToMMo	32514122	direct_copd_susceptibility	East Asian	female-only	named_cohort_or_biobank	BBJ sex strata overlap the combined-sex accession and later BBJ/Sakaue/GBMI analyses; control cohorts shared across BBJ disease GWAS.	same cohort provenance; exact participant overlap not identifiable	https://pmc.ncbi.nlm.nih.gov/articles/PMC5363792/;https://pmc.ncbi.nlm.nih.gov/articles/PMC7968075/;https://www.ebi.ac.uk/gwas/studies/GCST90013781
GCST011435	Talca_Chile	32824824	direct_copd_susceptibility	Hispanic or Latin American	both sexes; no sex-stratified test reported for this accession	named_cohort_or_biobank	Known same 214 cases/193 controls in Hosgood 2020 and Diaz-Pena 2020; not independent replication.	same cohort provenance; exact participant overlap not identifiable	https://pmc.ncbi.nlm.nih.gov/articles/PMC7565405/;https://www.ebi.ac.uk/gwas/studies/GCST011435
GCST90016586	UKB	33106845	materially_different_smoking_interaction	European	both sexes; no sex-stratified test reported for this accession	named_cohort_or_biobank	Same UKB sample under different smoking strata/models; overlaps UKB COPD GWAS including Sakornsakolpat, Joo, Moll. COPDGene/SpiroMeta are selected-signal follow-up, not additional discovery participants in this accession.	same cohort provenance; exact participant overlap not identifiable	https://ftp.ebi.ac.uk/pub/databases/gwas/summary_statistics/GCST90016001-GCST90017000/GCST90016586/GCST90016586_buildGRCh37.tsv-meta.yaml;https://pmc.ncbi.nlm.nih.gov/articles/PMC8096488/;https://www.ebi.ac.uk/gwas/studies/GCST90016586
GCST90016588	UKB	33106845	direct_copd_susceptibility	European	both sexes; no sex-stratified test reported for this accession	named_cohort_or_biobank	Same UKB sample under different smoking strata/models; overlaps UKB COPD GWAS including Sakornsakolpat, Joo, Moll. COPDGene/SpiroMeta are selected-signal follow-up, not additional discovery participants in this accession.	same cohort provenance; exact participant overlap not identifiable	https://pmc.ncbi.nlm.nih.gov/articles/PMC8096488/;https://www.ebi.ac.uk/gwas/studies/GCST90016588
GCST90016589	UKB	33106845	direct_copd_susceptibility	European	both sexes; no sex-stratified test reported for this accession	named_cohort_or_biobank	Same UKB sample under different smoking strata/models; overlaps UKB COPD GWAS including Sakornsakolpat, Joo, Moll. COPDGene/SpiroMeta are selected-signal follow-up, not additional discovery participants in this accession.	same cohort provenance; exact participant overlap not identifiable	https://pmc.ncbi.nlm.nih.gov/articles/PMC8096488/;https://www.ebi.ac.uk/gwas/studies/GCST90016589
GCST90016591	UKB	33106845	materially_different_smoking_interaction	European	both sexes; no sex-stratified test reported for this accession	named_cohort_or_biobank	Same UKB sample under different smoking strata/models; overlaps UKB COPD GWAS including Sakornsakolpat, Joo, Moll. COPDGene/SpiroMeta are selected-signal follow-up, not additional discovery participants in this accession.	same cohort provenance; exact participant overlap not identifiable	https://pmc.ncbi.nlm.nih.gov/articles/PMC8096488/;https://www.ebi.ac.uk/gwas/studies/GCST90016591
GCST90016593	UKB	33106845	direct_copd_susceptibility	European	both sexes; no sex-stratified test reported for this accession	named_cohort_or_biobank	Same UKB sample under different smoking strata/models; overlaps UKB COPD GWAS including Sakornsakolpat, Joo, Moll. COPDGene/SpiroMeta are selected-signal follow-up, not additional discovery participants in this accession.	same cohort provenance; exact participant overlap not identifiable	https://pmc.ncbi.nlm.nih.gov/articles/PMC8096488/;https://www.ebi.ac.uk/gwas/studies/GCST90016593
GCST90016594	UKB	33106845	direct_copd_susceptibility	European	both sexes; no sex-stratified test reported for this accession	named_cohort_or_biobank	Same UKB sample under different smoking strata/models; overlaps UKB COPD GWAS including Sakornsakolpat, Joo, Moll. COPDGene/SpiroMeta are selected-signal follow-up, not additional discovery participants in this accession.	same cohort provenance; exact participant overlap not identifiable	https://pmc.ncbi.nlm.nih.gov/articles/PMC8096488/;https://www.ebi.ac.uk/gwas/studies/GCST90016594
GCST011793	GENIE	33235445	direct_copd_susceptibility	East Asian	both sexes; no sex-stratified test reported for this accession	named_cohort_or_biobank	Never-smoker accession nested within full GENIE analysis; possible SNUH overlap with Do 2022, participant-level identity not_reported.	same cohort provenance; exact participant overlap not identifiable	https://pmc.ncbi.nlm.nih.gov/articles/PMC7680157/;https://www.ebi.ac.uk/gwas/studies/GCST011793
GCST011794	GENIE	33235445	direct_copd_susceptibility	East Asian	both sexes; no sex-stratified test reported for this accession	named_cohort_or_biobank	Never-smoker accession nested within full GENIE analysis; possible SNUH overlap with Do 2022, participant-level identity not_reported.	same cohort provenance; exact participant overlap not identifiable	https://pmc.ncbi.nlm.nih.gov/articles/PMC7680157/;https://www.ebi.ac.uk/gwas/studies/GCST011794
GCST011766	ARIC	33909500	direct_copd_susceptibility	African unspecified;East Asian;European;Hispanic or Latin American	both sexes; no sex-stratified test reported for this accession	named_cohort_or_biobank	Substantial known/probable overlap with ICGC, UKB and COPDGene GWAS; exome-array platform does not create independent subjects.	same cohort provenance; exact participant overlap not identifiable	https://doi.org/10.6084/m9.figshare.14538222.v1;https://pmc.ncbi.nlm.nih.gov/articles/PMC8321852/;https://www.ebi.ac.uk/gwas/studies/GCST011766
GCST011766	CHS	33909500	direct_copd_susceptibility	African unspecified;East Asian;European;Hispanic or Latin American	both sexes; no sex-stratified test reported for this accession	named_cohort_or_biobank	Substantial known/probable overlap with ICGC, UKB and COPDGene GWAS; exome-array platform does not create independent subjects.	same cohort provenance; exact participant overlap not identifiable	https://doi.org/10.6084/m9.figshare.14538222.v1;https://pmc.ncbi.nlm.nih.gov/articles/PMC8321852/;https://www.ebi.ac.uk/gwas/studies/GCST011766
GCST011766	COPDGene	33909500	direct_copd_susceptibility	African unspecified;East Asian;European;Hispanic or Latin American	both sexes; no sex-stratified test reported for this accession	named_cohort_or_biobank	Substantial known/probable overlap with ICGC, UKB and COPDGene GWAS; exome-array platform does not create independent subjects.	same cohort provenance; exact participant overlap not identifiable	https://doi.org/10.6084/m9.figshare.14538222.v1;https://pmc.ncbi.nlm.nih.gov/articles/PMC8321852/;https://www.ebi.ac.uk/gwas/studies/GCST011766
GCST011766	EOCOPD	33909500	direct_copd_susceptibility	African unspecified;East Asian;European;Hispanic or Latin American	both sexes; no sex-stratified test reported for this accession	named_cohort_or_biobank	Substantial known/probable overlap with ICGC, UKB and COPDGene GWAS; exome-array platform does not create independent subjects.	same cohort provenance; exact participant overlap not identifiable	https://doi.org/10.6084/m9.figshare.14538222.v1;https://pmc.ncbi.nlm.nih.gov/articles/PMC8321852/;https://www.ebi.ac.uk/gwas/studies/GCST011766
GCST011766	FHS	33909500	direct_copd_susceptibility	African unspecified;East Asian;European;Hispanic or Latin American	both sexes; no sex-stratified test reported for this accession	named_cohort_or_biobank	Substantial known/probable overlap with ICGC, UKB and COPDGene GWAS; exome-array platform does not create independent subjects.	same cohort provenance; exact participant overlap not identifiable	https://doi.org/10.6084/m9.figshare.14538222.v1;https://pmc.ncbi.nlm.nih.gov/articles/PMC8321852/;https://www.ebi.ac.uk/gwas/studies/GCST011766
GCST011766	HABC	33909500	direct_copd_susceptibility	African unspecified;East Asian;European;Hispanic or Latin American	both sexes; no sex-stratified test reported for this accession	named_cohort_or_biobank	Substantial known/probable overlap with ICGC, UKB and COPDGene GWAS; exome-array platform does not create independent subjects.	same cohort provenance; exact participant overlap not identifiable	https://doi.org/10.6084/m9.figshare.14538222.v1;https://pmc.ncbi.nlm.nih.gov/articles/PMC8321852/;https://www.ebi.ac.uk/gwas/studies/GCST011766
GCST011766	ICGN	33909500	direct_copd_susceptibility	African unspecified;East Asian;European;Hispanic or Latin American	both sexes; no sex-stratified test reported for this accession	named_cohort_or_biobank	Substantial known/probable overlap with ICGC, UKB and COPDGene GWAS; exome-array platform does not create independent subjects.	same cohort provenance; exact participant overlap not identifiable	https://doi.org/10.6084/m9.figshare.14538222.v1;https://pmc.ncbi.nlm.nih.gov/articles/PMC8321852/;https://www.ebi.ac.uk/gwas/studies/GCST011766
GCST011766	KARE	33909500	direct_copd_susceptibility	African unspecified;East Asian;European;Hispanic or Latin American	both sexes; no sex-stratified test reported for this accession	named_cohort_or_biobank	Substantial known/probable overlap with ICGC, UKB and COPDGene GWAS; exome-array platform does not create independent subjects.	same cohort provenance; exact participant overlap not identifiable	https://doi.org/10.6084/m9.figshare.14538222.v1;https://pmc.ncbi.nlm.nih.gov/articles/PMC8321852/;https://www.ebi.ac.uk/gwas/studies/GCST011766
GCST011766	MESA	33909500	direct_copd_susceptibility	African unspecified;East Asian;European;Hispanic or Latin American	both sexes; no sex-stratified test reported for this accession	named_cohort_or_biobank	Substantial known/probable overlap with ICGC, UKB and COPDGene GWAS; exome-array platform does not create independent subjects.	same cohort provenance; exact participant overlap not identifiable	https://doi.org/10.6084/m9.figshare.14538222.v1;https://pmc.ncbi.nlm.nih.gov/articles/PMC8321852/;https://www.ebi.ac.uk/gwas/studies/GCST011766
GCST011766	Rotterdam	33909500	direct_copd_susceptibility	African unspecified;East Asian;European;Hispanic or Latin American	both sexes; no sex-stratified test reported for this accession	named_cohort_or_biobank	Substantial known/probable overlap with ICGC, UKB and COPDGene GWAS; exome-array platform does not create independent subjects.	same cohort provenance; exact participant overlap not identifiable	https://doi.org/10.6084/m9.figshare.14538222.v1;https://pmc.ncbi.nlm.nih.gov/articles/PMC8321852/;https://www.ebi.ac.uk/gwas/studies/GCST011766
GCST011766	TCGS	33909500	direct_copd_susceptibility	African unspecified;East Asian;European;Hispanic or Latin American	both sexes; no sex-stratified test reported for this accession	named_cohort_or_biobank	Substantial known/probable overlap with ICGC, UKB and COPDGene GWAS; exome-array platform does not create independent subjects.	same cohort provenance; exact participant overlap not identifiable	https://doi.org/10.6084/m9.figshare.14538222.v1;https://pmc.ncbi.nlm.nih.gov/articles/PMC8321852/;https://www.ebi.ac.uk/gwas/studies/GCST011766
GCST011766	UKB	33909500	direct_copd_susceptibility	African unspecified;East Asian;European;Hispanic or Latin American	both sexes; no sex-stratified test reported for this accession	named_cohort_or_biobank	Substantial known/probable overlap with ICGC, UKB and COPDGene GWAS; exome-array platform does not create independent subjects.	same cohort provenance; exact participant overlap not identifiable	https://doi.org/10.6084/m9.figshare.14538222.v1;https://pmc.ncbi.nlm.nih.gov/articles/PMC8321852/;https://www.ebi.ac.uk/gwas/studies/GCST011766
GCST011766	UKECC	33909500	direct_copd_susceptibility	African unspecified;East Asian;European;Hispanic or Latin American	both sexes; no sex-stratified test reported for this accession	consortium_umbrella_not_independent_cohort	Substantial known/probable overlap with ICGC, UKB and COPDGene GWAS; exome-array platform does not create independent subjects.	same cohort provenance; exact participant overlap not identifiable	https://doi.org/10.6084/m9.figshare.14538222.v1;https://pmc.ncbi.nlm.nih.gov/articles/PMC8321852/;https://www.ebi.ac.uk/gwas/studies/GCST011766
GCST90018587	BBJ	34594039	ehr_copd_susceptibility	East Asian	both sexes; no sex-stratified test reported for this accession	named_cohort_or_biobank	BBJ overlaps Ishigaki and later GBMI; trans-biobank accession includes the BBJ-only accession and shared UKB/FinnGen subjects.	same cohort provenance; exact participant overlap not identifiable	https://pmc.ncbi.nlm.nih.gov/articles/PMC12208603/;https://www.ebi.ac.uk/gwas/studies/GCST90018587
GCST90018807	BBJ	34594039	ehr_copd_susceptibility	East Asian;European	both sexes; no sex-stratified test reported for this accession	named_cohort_or_biobank	BBJ overlaps Ishigaki and later GBMI; trans-biobank accession includes the BBJ-only accession and shared UKB/FinnGen subjects.	same cohort provenance; exact participant overlap not identifiable	https://pmc.ncbi.nlm.nih.gov/articles/PMC12208603/;https://www.ebi.ac.uk/gwas/studies/GCST90018807
GCST90018807	FinnGen	34594039	ehr_copd_susceptibility	East Asian;European	both sexes; no sex-stratified test reported for this accession	named_cohort_or_biobank	BBJ overlaps Ishigaki and later GBMI; trans-biobank accession includes the BBJ-only accession and shared UKB/FinnGen subjects.	same cohort provenance; exact participant overlap not identifiable	https://pmc.ncbi.nlm.nih.gov/articles/PMC12208603/;https://www.ebi.ac.uk/gwas/studies/GCST90018807
GCST90018807	UKB	34594039	ehr_copd_susceptibility	East Asian;European	both sexes; no sex-stratified test reported for this accession	named_cohort_or_biobank	BBJ overlaps Ishigaki and later GBMI; trans-biobank accession includes the BBJ-only accession and shared UKB/FinnGen subjects.	same cohort provenance; exact participant overlap not identifiable	https://pmc.ncbi.nlm.nih.gov/articles/PMC12208603/;https://www.ebi.ac.uk/gwas/studies/GCST90018807
GCST90077673	UKB	34662886	unresolved	European	both sexes; no sex-stratified test reported for this accession	named_cohort_or_biobank	All Backman accessions use overlapping UKB exome participants; burden/single-variant pairs share phenotype samples; overlap other UKB GWAS.	same cohort provenance; exact participant overlap not identifiable	https://pmc.ncbi.nlm.nih.gov/articles/PMC8596853/;https://www.ebi.ac.uk/gwas/studies/GCST90077673
GCST90077674	UKB	34662886	ehr_copd_susceptibility	European	both sexes; no sex-stratified test reported for this accession	named_cohort_or_biobank	All Backman accessions use overlapping UKB exome participants; burden/single-variant pairs share phenotype samples; overlap other UKB GWAS.	same cohort provenance; exact participant overlap not identifiable	https://pmc.ncbi.nlm.nih.gov/articles/PMC8596853/;https://www.ebi.ac.uk/gwas/studies/GCST90077674
GCST90078864	UKB	34662886	unresolved	European	both sexes; no sex-stratified test reported for this accession	named_cohort_or_biobank	All Backman accessions use overlapping UKB exome participants; burden/single-variant pairs share phenotype samples; overlap other UKB GWAS.	same cohort provenance; exact participant overlap not identifiable	https://biobank.ndph.ox.ac.uk/showcase/field.cgi?id=22130;https://pmc.ncbi.nlm.nih.gov/articles/PMC8596853/;https://www.ebi.ac.uk/gwas/studies/GCST90078864
GCST90079454	UKB	34662886	unresolved	European	both sexes; no sex-stratified test reported for this accession	named_cohort_or_biobank	All Backman accessions use overlapping UKB exome participants; burden/single-variant pairs share phenotype samples; overlap other UKB GWAS.	same cohort provenance; exact participant overlap not identifiable	https://biobank.ndph.ox.ac.uk/showcase/field.cgi?id=6152;https://pmc.ncbi.nlm.nih.gov/articles/PMC8596853/;https://www.ebi.ac.uk/gwas/studies/GCST90079454
GCST90080129	UKB	34662886	exacerbation_treatment	European	both sexes; no sex-stratified test reported for this accession	named_cohort_or_biobank	All Backman accessions use overlapping UKB exome participants; burden/single-variant pairs share phenotype samples; overlap other UKB GWAS.	same cohort provenance; exact participant overlap not identifiable	https://pmc.ncbi.nlm.nih.gov/articles/PMC8596853/;https://www.ebi.ac.uk/gwas/studies/GCST90080129
GCST90080130	UKB	34662886	exacerbation_treatment	European	both sexes; no sex-stratified test reported for this accession	named_cohort_or_biobank	All Backman accessions use overlapping UKB exome participants; burden/single-variant pairs share phenotype samples; overlap other UKB GWAS.	same cohort provenance; exact participant overlap not identifiable	https://pmc.ncbi.nlm.nih.gov/articles/PMC8596853/;https://www.ebi.ac.uk/gwas/studies/GCST90080130
GCST90080131	UKB	34662886	ehr_copd_susceptibility	European	both sexes; no sex-stratified test reported for this accession	named_cohort_or_biobank	All Backman accessions use overlapping UKB exome participants; burden/single-variant pairs share phenotype samples; overlap other UKB GWAS.	same cohort provenance; exact participant overlap not identifiable	https://pmc.ncbi.nlm.nih.gov/articles/PMC8596853/;https://www.ebi.ac.uk/gwas/studies/GCST90080131
GCST90080132	UKB	34662886	ehr_copd_susceptibility	European	both sexes; no sex-stratified test reported for this accession	named_cohort_or_biobank	All Backman accessions use overlapping UKB exome participants; burden/single-variant pairs share phenotype samples; overlap other UKB GWAS.	same cohort provenance; exact participant overlap not identifiable	https://pmc.ncbi.nlm.nih.gov/articles/PMC8596853/;https://www.ebi.ac.uk/gwas/studies/GCST90080132
GCST90080133	UKB	34662886	ehr_copd_susceptibility	European	both sexes; no sex-stratified test reported for this accession	named_cohort_or_biobank	All Backman accessions use overlapping UKB exome participants; burden/single-variant pairs share phenotype samples; overlap other UKB GWAS.	same cohort provenance; exact participant overlap not identifiable	https://pmc.ncbi.nlm.nih.gov/articles/PMC8596853/;https://www.ebi.ac.uk/gwas/studies/GCST90080133
GCST90081468	UKB	34662886	ehr_copd_susceptibility	European	both sexes; no sex-stratified test reported for this accession	named_cohort_or_biobank	All Backman accessions use overlapping UKB exome participants; burden/single-variant pairs share phenotype samples; overlap other UKB GWAS.	same cohort provenance; exact participant overlap not identifiable	https://pmc.ncbi.nlm.nih.gov/articles/PMC8596853/;https://www.ebi.ac.uk/gwas/studies/GCST90081468
GCST90081469	UKB	34662886	ehr_copd_susceptibility	European	both sexes; no sex-stratified test reported for this accession	named_cohort_or_biobank	All Backman accessions use overlapping UKB exome participants; burden/single-variant pairs share phenotype samples; overlap other UKB GWAS.	same cohort provenance; exact participant overlap not identifiable	https://pmc.ncbi.nlm.nih.gov/articles/PMC8596853/;https://www.ebi.ac.uk/gwas/studies/GCST90081469
GCST90081659	UKB	34662886	nonstandard_gene_burden_cnv	European	both sexes; no sex-stratified test reported for this accession	named_cohort_or_biobank	All Backman accessions use overlapping UKB exome participants; burden/single-variant pairs share phenotype samples; overlap other UKB GWAS.	same cohort provenance; exact participant overlap not identifiable	https://pmc.ncbi.nlm.nih.gov/articles/PMC8596853/;https://www.ebi.ac.uk/gwas/studies/GCST90081659
GCST90081660	UKB	34662886	nonstandard_gene_burden_cnv	European	both sexes; no sex-stratified test reported for this accession	named_cohort_or_biobank	All Backman accessions use overlapping UKB exome participants; burden/single-variant pairs share phenotype samples; overlap other UKB GWAS.	same cohort provenance; exact participant overlap not identifiable	https://pmc.ncbi.nlm.nih.gov/articles/PMC8596853/;https://www.ebi.ac.uk/gwas/studies/GCST90081660
GCST90082850	UKB	34662886	nonstandard_gene_burden_cnv	European	both sexes; no sex-stratified test reported for this accession	named_cohort_or_biobank	All Backman accessions use overlapping UKB exome participants; burden/single-variant pairs share phenotype samples; overlap other UKB GWAS.	same cohort provenance; exact participant overlap not identifiable	https://biobank.ndph.ox.ac.uk/showcase/field.cgi?id=22130;https://pmc.ncbi.nlm.nih.gov/articles/PMC8596853/;https://www.ebi.ac.uk/gwas/studies/GCST90082850
GCST90083440	UKB	34662886	nonstandard_gene_burden_cnv	European	both sexes; no sex-stratified test reported for this accession	named_cohort_or_biobank	All Backman accessions use overlapping UKB exome participants; burden/single-variant pairs share phenotype samples; overlap other UKB GWAS.	same cohort provenance; exact participant overlap not identifiable	https://biobank.ndph.ox.ac.uk/showcase/field.cgi?id=6152;https://pmc.ncbi.nlm.nih.gov/articles/PMC8596853/;https://www.ebi.ac.uk/gwas/studies/GCST90083440
GCST90084115	UKB	34662886	nonstandard_gene_burden_cnv	European	both sexes; no sex-stratified test reported for this accession	named_cohort_or_biobank	All Backman accessions use overlapping UKB exome participants; burden/single-variant pairs share phenotype samples; overlap other UKB GWAS.	same cohort provenance; exact participant overlap not identifiable	https://pmc.ncbi.nlm.nih.gov/articles/PMC8596853/;https://www.ebi.ac.uk/gwas/studies/GCST90084115
GCST90084116	UKB	34662886	nonstandard_gene_burden_cnv	European	both sexes; no sex-stratified test reported for this accession	named_cohort_or_biobank	All Backman accessions use overlapping UKB exome participants; burden/single-variant pairs share phenotype samples; overlap other UKB GWAS.	same cohort provenance; exact participant overlap not identifiable	https://pmc.ncbi.nlm.nih.gov/articles/PMC8596853/;https://www.ebi.ac.uk/gwas/studies/GCST90084116
GCST90084117	UKB	34662886	nonstandard_gene_burden_cnv	European	both sexes; no sex-stratified test reported for this accession	named_cohort_or_biobank	All Backman accessions use overlapping UKB exome participants; burden/single-variant pairs share phenotype samples; overlap other UKB GWAS.	same cohort provenance; exact participant overlap not identifiable	https://pmc.ncbi.nlm.nih.gov/articles/PMC8596853/;https://www.ebi.ac.uk/gwas/studies/GCST90084117
GCST90084118	UKB	34662886	nonstandard_gene_burden_cnv	European	both sexes; no sex-stratified test reported for this accession	named_cohort_or_biobank	All Backman accessions use overlapping UKB exome participants; burden/single-variant pairs share phenotype samples; overlap other UKB GWAS.	same cohort provenance; exact participant overlap not identifiable	https://pmc.ncbi.nlm.nih.gov/articles/PMC8596853/;https://www.ebi.ac.uk/gwas/studies/GCST90084118
GCST90084119	UKB	34662886	nonstandard_gene_burden_cnv	European	both sexes; no sex-stratified test reported for this accession	named_cohort_or_biobank	All Backman accessions use overlapping UKB exome participants; burden/single-variant pairs share phenotype samples; overlap other UKB GWAS.	same cohort provenance; exact participant overlap not identifiable	https://pmc.ncbi.nlm.nih.gov/articles/PMC8596853/;https://www.ebi.ac.uk/gwas/studies/GCST90084119
GCST90085454	UKB	34662886	nonstandard_gene_burden_cnv	European	both sexes; no sex-stratified test reported for this accession	named_cohort_or_biobank	All Backman accessions use overlapping UKB exome participants; burden/single-variant pairs share phenotype samples; overlap other UKB GWAS.	same cohort provenance; exact participant overlap not identifiable	https://pmc.ncbi.nlm.nih.gov/articles/PMC8596853/;https://www.ebi.ac.uk/gwas/studies/GCST90085454
GCST90085455	UKB	34662886	nonstandard_gene_burden_cnv	European	both sexes; no sex-stratified test reported for this accession	named_cohort_or_biobank	All Backman accessions use overlapping UKB exome participants; burden/single-variant pairs share phenotype samples; overlap other UKB GWAS.	same cohort provenance; exact participant overlap not identifiable	https://pmc.ncbi.nlm.nih.gov/articles/PMC8596853/;https://www.ebi.ac.uk/gwas/studies/GCST90085455
GCST90044074	UKB	34737426	chronic_bronchitis	European	both sexes; no sex-stratified test reported for this accession	named_cohort_or_biobank	UKB shares participants with all other UKB GWAS; subtype not independent general COPD replication.	same cohort provenance; exact participant overlap not identifiable	https://www.ebi.ac.uk/gwas/studies/GCST90044074;https://www.nature.com/articles/s41588-021-00954-4;https://yanglab.westlake.edu.cn/data/ukb_fastgwa/imp/about
GCST90103984	UKB	35308900	direct_copd_susceptibility	European	male-only	named_cohort_or_biobank	Male/female strata distinct within publication but nested in overlapping UKB COPD GWAS; not independent cohorts.	same cohort provenance; exact participant overlap not identifiable	https://pmc.ncbi.nlm.nih.gov/articles/PMC8861659/;https://www.ebi.ac.uk/gwas/studies/GCST90103984
GCST90103985	UKB	35308900	direct_copd_susceptibility	European	female-only	named_cohort_or_biobank	Male/female strata distinct within publication but nested in overlapping UKB COPD GWAS; not independent cohorts.	same cohort provenance; exact participant overlap not identifiable	https://pmc.ncbi.nlm.nih.gov/articles/PMC8861659/;https://www.ebi.ac.uk/gwas/studies/GCST90103985
GCST90103354	UKB	36779085	nonstandard_gene_burden_cnv	European	both sexes; no sex-stratified test reported for this accession	named_cohort_or_biobank	UKB exome subset overlaps Backman and broader UKB GWAS.	same cohort provenance; exact participant overlap not identifiable	https://biobank.ndph.ox.ac.uk/showcase/field.cgi?id=42017;https://pmc.ncbi.nlm.nih.gov/articles/PMC9903682/;https://www.ebi.ac.uk/gwas/studies/GCST90103354
GCST90162551	COGEND	35953715	direct_copd_susceptibility	African American or Afro-Caribbean;European	both sexes; no sex-stratified test reported for this accession	named_cohort_or_biobank	Known overlapping COPDGene/ECLIPSE cases with earlier COPD GWAS; COGEND controls from nicotine-dependence study.	same cohort provenance; exact participant overlap not identifiable	https://pmc.ncbi.nlm.nih.gov/articles/PMC9372058/;https://www.ebi.ac.uk/gwas/studies/GCST90162551
GCST90162551	COPDGene	35953715	direct_copd_susceptibility	African American or Afro-Caribbean;European	both sexes; no sex-stratified test reported for this accession	named_cohort_or_biobank	Known overlapping COPDGene/ECLIPSE cases with earlier COPD GWAS; COGEND controls from nicotine-dependence study.	same cohort provenance; exact participant overlap not identifiable	https://pmc.ncbi.nlm.nih.gov/articles/PMC9372058/;https://www.ebi.ac.uk/gwas/studies/GCST90162551
GCST90162551	ECLIPSE	35953715	direct_copd_susceptibility	African American or Afro-Caribbean;European	both sexes; no sex-stratified test reported for this accession	named_cohort_or_biobank	Known overlapping COPDGene/ECLIPSE cases with earlier COPD GWAS; COGEND controls from nicotine-dependence study.	same cohort provenance; exact participant overlap not identifiable	https://pmc.ncbi.nlm.nih.gov/articles/PMC9372058/;https://www.ebi.ac.uk/gwas/studies/GCST90162551
GCST90399691	BioMe	36777996	ehr_copd_susceptibility	African unspecified	combined sexes	named_cohort_or_biobank	Ancestry/sex/combined meta-analysis accessions overlap; UKB, BBJ, FinnGen recur in other publications. Cohort provenance permits grouping, not participant deduplication.	same cohort provenance; exact participant overlap not identifiable	https://pmc.ncbi.nlm.nih.gov/articles/PMC9903716/;https://www.ebi.ac.uk/gwas/studies/GCST90399691;https://www.globalbiobankmeta.org/resources
GCST90399691	BioVU	36777996	ehr_copd_susceptibility	African unspecified	combined sexes	named_cohort_or_biobank	Ancestry/sex/combined meta-analysis accessions overlap; UKB, BBJ, FinnGen recur in other publications. Cohort provenance permits grouping, not participant deduplication.	same cohort provenance; exact participant overlap not identifiable	https://pmc.ncbi.nlm.nih.gov/articles/PMC9903716/;https://www.ebi.ac.uk/gwas/studies/GCST90399691;https://www.globalbiobankmeta.org/resources
GCST90399691	CCPM	36777996	ehr_copd_susceptibility	African unspecified	combined sexes	named_cohort_or_biobank	Ancestry/sex/combined meta-analysis accessions overlap; UKB, BBJ, FinnGen recur in other publications. Cohort provenance permits grouping, not participant deduplication.	same cohort provenance; exact participant overlap not identifiable	https://pmc.ncbi.nlm.nih.gov/articles/PMC9903716/;https://www.ebi.ac.uk/gwas/studies/GCST90399691;https://www.globalbiobankmeta.org/resources
GCST90399691	MGI	36777996	ehr_copd_susceptibility	African unspecified	combined sexes	named_cohort_or_biobank	Ancestry/sex/combined meta-analysis accessions overlap; UKB, BBJ, FinnGen recur in other publications. Cohort provenance permits grouping, not participant deduplication.	same cohort provenance; exact participant overlap not identifiable	https://pmc.ncbi.nlm.nih.gov/articles/PMC9903716/;https://www.ebi.ac.uk/gwas/studies/GCST90399691;https://www.globalbiobankmeta.org/resources
GCST90399691	UCLA	36777996	ehr_copd_susceptibility	African unspecified	combined sexes	named_cohort_or_biobank	Ancestry/sex/combined meta-analysis accessions overlap; UKB, BBJ, FinnGen recur in other publications. Cohort provenance permits grouping, not participant deduplication.	same cohort provenance; exact participant overlap not identifiable	https://pmc.ncbi.nlm.nih.gov/articles/PMC9903716/;https://www.ebi.ac.uk/gwas/studies/GCST90399691;https://www.globalbiobankmeta.org/resources
GCST90399691	UKB	36777996	ehr_copd_susceptibility	African unspecified	combined sexes	named_cohort_or_biobank	Ancestry/sex/combined meta-analysis accessions overlap; UKB, BBJ, FinnGen recur in other publications. Cohort provenance permits grouping, not participant deduplication.	same cohort provenance; exact participant overlap not identifiable	https://pmc.ncbi.nlm.nih.gov/articles/PMC9903716/;https://www.ebi.ac.uk/gwas/studies/GCST90399691;https://www.globalbiobankmeta.org/resources
GCST90399692	BioMe	36777996	ehr_copd_susceptibility	Hispanic or Latin American	combined sexes	named_cohort_or_biobank	Ancestry/sex/combined meta-analysis accessions overlap; UKB, BBJ, FinnGen recur in other publications. Cohort provenance permits grouping, not participant deduplication.	same cohort provenance; exact participant overlap not identifiable	https://pmc.ncbi.nlm.nih.gov/articles/PMC9903716/;https://www.ebi.ac.uk/gwas/studies/GCST90399692;https://www.globalbiobankmeta.org/resources
GCST90399692	CCPM	36777996	ehr_copd_susceptibility	Hispanic or Latin American	combined sexes	named_cohort_or_biobank	Ancestry/sex/combined meta-analysis accessions overlap; UKB, BBJ, FinnGen recur in other publications. Cohort provenance permits grouping, not participant deduplication.	same cohort provenance; exact participant overlap not identifiable	https://pmc.ncbi.nlm.nih.gov/articles/PMC9903716/;https://www.ebi.ac.uk/gwas/studies/GCST90399692;https://www.globalbiobankmeta.org/resources
GCST90399692	UCLA	36777996	ehr_copd_susceptibility	Hispanic or Latin American	combined sexes	named_cohort_or_biobank	Ancestry/sex/combined meta-analysis accessions overlap; UKB, BBJ, FinnGen recur in other publications. Cohort provenance permits grouping, not participant deduplication.	same cohort provenance; exact participant overlap not identifiable	https://pmc.ncbi.nlm.nih.gov/articles/PMC9903716/;https://www.ebi.ac.uk/gwas/studies/GCST90399692;https://www.globalbiobankmeta.org/resources
GCST90399693	BBJ	36777996	ehr_copd_susceptibility	East Asian	combined sexes	named_cohort_or_biobank	Ancestry/sex/combined meta-analysis accessions overlap; UKB, BBJ, FinnGen recur in other publications. Cohort provenance permits grouping, not participant deduplication.	same cohort provenance; exact participant overlap not identifiable	https://pmc.ncbi.nlm.nih.gov/articles/PMC9903716/;https://www.ebi.ac.uk/gwas/studies/GCST90399693;https://www.globalbiobankmeta.org/resources
GCST90399693	CKB	36777996	ehr_copd_susceptibility	East Asian	combined sexes	named_cohort_or_biobank	Ancestry/sex/combined meta-analysis accessions overlap; UKB, BBJ, FinnGen recur in other publications. Cohort provenance permits grouping, not participant deduplication.	same cohort provenance; exact participant overlap not identifiable	https://pmc.ncbi.nlm.nih.gov/articles/PMC9903716/;https://www.ebi.ac.uk/gwas/studies/GCST90399693;https://www.globalbiobankmeta.org/resources
GCST90399693	TWB	36777996	ehr_copd_susceptibility	East Asian	combined sexes	named_cohort_or_biobank	Ancestry/sex/combined meta-analysis accessions overlap; UKB, BBJ, FinnGen recur in other publications. Cohort provenance permits grouping, not participant deduplication.	same cohort provenance; exact participant overlap not identifiable	https://pmc.ncbi.nlm.nih.gov/articles/PMC9903716/;https://www.ebi.ac.uk/gwas/studies/GCST90399693;https://www.globalbiobankmeta.org/resources
GCST90399693	UCLA	36777996	ehr_copd_susceptibility	East Asian	combined sexes	named_cohort_or_biobank	Ancestry/sex/combined meta-analysis accessions overlap; UKB, BBJ, FinnGen recur in other publications. Cohort provenance permits grouping, not participant deduplication.	same cohort provenance; exact participant overlap not identifiable	https://pmc.ncbi.nlm.nih.gov/articles/PMC9903716/;https://www.ebi.ac.uk/gwas/studies/GCST90399693;https://www.globalbiobankmeta.org/resources
GCST90399694	BioMe	36777996	ehr_copd_susceptibility	European	combined sexes	named_cohort_or_biobank	Ancestry/sex/combined meta-analysis accessions overlap; UKB, BBJ, FinnGen recur in other publications. Cohort provenance permits grouping, not participant deduplication.	same cohort provenance; exact participant overlap not identifiable	https://pmc.ncbi.nlm.nih.gov/articles/PMC9903716/;https://www.ebi.ac.uk/gwas/studies/GCST90399694;https://www.globalbiobankmeta.org/resources
GCST90399694	BioVU	36777996	ehr_copd_susceptibility	European	combined sexes	named_cohort_or_biobank	Ancestry/sex/combined meta-analysis accessions overlap; UKB, BBJ, FinnGen recur in other publications. Cohort provenance permits grouping, not participant deduplication.	same cohort provenance; exact participant overlap not identifiable	https://pmc.ncbi.nlm.nih.gov/articles/PMC9903716/;https://www.ebi.ac.uk/gwas/studies/GCST90399694;https://www.globalbiobankmeta.org/resources
GCST90399694	CCPM	36777996	ehr_copd_susceptibility	European	combined sexes	named_cohort_or_biobank	Ancestry/sex/combined meta-analysis accessions overlap; UKB, BBJ, FinnGen recur in other publications. Cohort provenance permits grouping, not participant deduplication.	same cohort provenance; exact participant overlap not identifiable	https://pmc.ncbi.nlm.nih.gov/articles/PMC9903716/;https://www.ebi.ac.uk/gwas/studies/GCST90399694;https://www.globalbiobankmeta.org/resources
GCST90399694	EstBB	36777996	ehr_copd_susceptibility	European	combined sexes	named_cohort_or_biobank	Ancestry/sex/combined meta-analysis accessions overlap; UKB, BBJ, FinnGen recur in other publications. Cohort provenance permits grouping, not participant deduplication.	same cohort provenance; exact participant overlap not identifiable	https://pmc.ncbi.nlm.nih.gov/articles/PMC9903716/;https://www.ebi.ac.uk/gwas/studies/GCST90399694;https://www.globalbiobankmeta.org/resources
GCST90399694	FinnGen	36777996	ehr_copd_susceptibility	European	combined sexes	named_cohort_or_biobank	Ancestry/sex/combined meta-analysis accessions overlap; UKB, BBJ, FinnGen recur in other publications. Cohort provenance permits grouping, not participant deduplication.	same cohort provenance; exact participant overlap not identifiable	https://pmc.ncbi.nlm.nih.gov/articles/PMC9903716/;https://www.ebi.ac.uk/gwas/studies/GCST90399694;https://www.globalbiobankmeta.org/resources
GCST90399694	GS:SFHS	36777996	ehr_copd_susceptibility	European	combined sexes	named_cohort_or_biobank	Ancestry/sex/combined meta-analysis accessions overlap; UKB, BBJ, FinnGen recur in other publications. Cohort provenance permits grouping, not participant deduplication.	same cohort provenance; exact participant overlap not identifiable	https://pmc.ncbi.nlm.nih.gov/articles/PMC9903716/;https://www.ebi.ac.uk/gwas/studies/GCST90399694;https://www.globalbiobankmeta.org/resources
GCST90399694	HUNT	36777996	ehr_copd_susceptibility	European	combined sexes	named_cohort_or_biobank	Ancestry/sex/combined meta-analysis accessions overlap; UKB, BBJ, FinnGen recur in other publications. Cohort provenance permits grouping, not participant deduplication.	same cohort provenance; exact participant overlap not identifiable	https://pmc.ncbi.nlm.nih.gov/articles/PMC9903716/;https://www.ebi.ac.uk/gwas/studies/GCST90399694;https://www.globalbiobankmeta.org/resources
GCST90399694	Lifelines	36777996	ehr_copd_susceptibility	European	combined sexes	named_cohort_or_biobank	Ancestry/sex/combined meta-analysis accessions overlap; UKB, BBJ, FinnGen recur in other publications. Cohort provenance permits grouping, not participant deduplication.	same cohort provenance; exact participant overlap not identifiable	https://pmc.ncbi.nlm.nih.gov/articles/PMC9903716/;https://www.ebi.ac.uk/gwas/studies/GCST90399694;https://www.globalbiobankmeta.org/resources
GCST90399694	MGBB	36777996	ehr_copd_susceptibility	European	combined sexes	named_cohort_or_biobank	Ancestry/sex/combined meta-analysis accessions overlap; UKB, BBJ, FinnGen recur in other publications. Cohort provenance permits grouping, not participant deduplication.	same cohort provenance; exact participant overlap not identifiable	https://pmc.ncbi.nlm.nih.gov/articles/PMC9903716/;https://www.ebi.ac.uk/gwas/studies/GCST90399694;https://www.globalbiobankmeta.org/resources
GCST90399694	MGI	36777996	ehr_copd_susceptibility	European	combined sexes	named_cohort_or_biobank	Ancestry/sex/combined meta-analysis accessions overlap; UKB, BBJ, FinnGen recur in other publications. Cohort provenance permits grouping, not participant deduplication.	same cohort provenance; exact participant overlap not identifiable	https://pmc.ncbi.nlm.nih.gov/articles/PMC9903716/;https://www.ebi.ac.uk/gwas/studies/GCST90399694;https://www.globalbiobankmeta.org/resources
GCST90399694	UCLA	36777996	ehr_copd_susceptibility	European	combined sexes	named_cohort_or_biobank	Ancestry/sex/combined meta-analysis accessions overlap; UKB, BBJ, FinnGen recur in other publications. Cohort provenance permits grouping, not participant deduplication.	same cohort provenance; exact participant overlap not identifiable	https://pmc.ncbi.nlm.nih.gov/articles/PMC9903716/;https://www.ebi.ac.uk/gwas/studies/GCST90399694;https://www.globalbiobankmeta.org/resources
GCST90399694	UKB	36777996	ehr_copd_susceptibility	European	combined sexes	named_cohort_or_biobank	Ancestry/sex/combined meta-analysis accessions overlap; UKB, BBJ, FinnGen recur in other publications. Cohort provenance permits grouping, not participant deduplication.	same cohort provenance; exact participant overlap not identifiable	https://pmc.ncbi.nlm.nih.gov/articles/PMC9903716/;https://www.ebi.ac.uk/gwas/studies/GCST90399694;https://www.globalbiobankmeta.org/resources
GCST90399695	BBJ	36777996	ehr_copd_susceptibility	African unspecified;East Asian;European;Hispanic or Latin American;South Asian	combined sexes	named_cohort_or_biobank	Ancestry/sex/combined meta-analysis accessions overlap; UKB, BBJ, FinnGen recur in other publications. Cohort provenance permits grouping, not participant deduplication.	same cohort provenance; exact participant overlap not identifiable	https://pmc.ncbi.nlm.nih.gov/articles/PMC9903716/;https://www.ebi.ac.uk/gwas/studies/GCST90399695;https://www.globalbiobankmeta.org/resources
GCST90399695	BioMe	36777996	ehr_copd_susceptibility	African unspecified;East Asian;European;Hispanic or Latin American;South Asian	combined sexes	named_cohort_or_biobank	Ancestry/sex/combined meta-analysis accessions overlap; UKB, BBJ, FinnGen recur in other publications. Cohort provenance permits grouping, not participant deduplication.	same cohort provenance; exact participant overlap not identifiable	https://pmc.ncbi.nlm.nih.gov/articles/PMC9903716/;https://www.ebi.ac.uk/gwas/studies/GCST90399695;https://www.globalbiobankmeta.org/resources
GCST90399695	BioVU	36777996	ehr_copd_susceptibility	African unspecified;East Asian;European;Hispanic or Latin American;South Asian	combined sexes	named_cohort_or_biobank	Ancestry/sex/combined meta-analysis accessions overlap; UKB, BBJ, FinnGen recur in other publications. Cohort provenance permits grouping, not participant deduplication.	same cohort provenance; exact participant overlap not identifiable	https://pmc.ncbi.nlm.nih.gov/articles/PMC9903716/;https://www.ebi.ac.uk/gwas/studies/GCST90399695;https://www.globalbiobankmeta.org/resources
GCST90399695	CCPM	36777996	ehr_copd_susceptibility	African unspecified;East Asian;European;Hispanic or Latin American;South Asian	combined sexes	named_cohort_or_biobank	Ancestry/sex/combined meta-analysis accessions overlap; UKB, BBJ, FinnGen recur in other publications. Cohort provenance permits grouping, not participant deduplication.	same cohort provenance; exact participant overlap not identifiable	https://pmc.ncbi.nlm.nih.gov/articles/PMC9903716/;https://www.ebi.ac.uk/gwas/studies/GCST90399695;https://www.globalbiobankmeta.org/resources
GCST90399695	CKB	36777996	ehr_copd_susceptibility	African unspecified;East Asian;European;Hispanic or Latin American;South Asian	combined sexes	named_cohort_or_biobank	Ancestry/sex/combined meta-analysis accessions overlap; UKB, BBJ, FinnGen recur in other publications. Cohort provenance permits grouping, not participant deduplication.	same cohort provenance; exact participant overlap not identifiable	https://pmc.ncbi.nlm.nih.gov/articles/PMC9903716/;https://www.ebi.ac.uk/gwas/studies/GCST90399695;https://www.globalbiobankmeta.org/resources
GCST90399695	EstBB	36777996	ehr_copd_susceptibility	African unspecified;East Asian;European;Hispanic or Latin American;South Asian	combined sexes	named_cohort_or_biobank	Ancestry/sex/combined meta-analysis accessions overlap; UKB, BBJ, FinnGen recur in other publications. Cohort provenance permits grouping, not participant deduplication.	same cohort provenance; exact participant overlap not identifiable	https://pmc.ncbi.nlm.nih.gov/articles/PMC9903716/;https://www.ebi.ac.uk/gwas/studies/GCST90399695;https://www.globalbiobankmeta.org/resources
GCST90399695	FinnGen	36777996	ehr_copd_susceptibility	African unspecified;East Asian;European;Hispanic or Latin American;South Asian	combined sexes	named_cohort_or_biobank	Ancestry/sex/combined meta-analysis accessions overlap; UKB, BBJ, FinnGen recur in other publications. Cohort provenance permits grouping, not participant deduplication.	same cohort provenance; exact participant overlap not identifiable	https://pmc.ncbi.nlm.nih.gov/articles/PMC9903716/;https://www.ebi.ac.uk/gwas/studies/GCST90399695;https://www.globalbiobankmeta.org/resources
GCST90399695	G&H	36777996	ehr_copd_susceptibility	African unspecified;East Asian;European;Hispanic or Latin American;South Asian	combined sexes	named_cohort_or_biobank	Ancestry/sex/combined meta-analysis accessions overlap; UKB, BBJ, FinnGen recur in other publications. Cohort provenance permits grouping, not participant deduplication.	same cohort provenance; exact participant overlap not identifiable	https://pmc.ncbi.nlm.nih.gov/articles/PMC9903716/;https://www.ebi.ac.uk/gwas/studies/GCST90399695;https://www.globalbiobankmeta.org/resources
GCST90399695	GS:SFHS	36777996	ehr_copd_susceptibility	African unspecified;East Asian;European;Hispanic or Latin American;South Asian	combined sexes	named_cohort_or_biobank	Ancestry/sex/combined meta-analysis accessions overlap; UKB, BBJ, FinnGen recur in other publications. Cohort provenance permits grouping, not participant deduplication.	same cohort provenance; exact participant overlap not identifiable	https://pmc.ncbi.nlm.nih.gov/articles/PMC9903716/;https://www.ebi.ac.uk/gwas/studies/GCST90399695;https://www.globalbiobankmeta.org/resources
GCST90399695	HUNT	36777996	ehr_copd_susceptibility	African unspecified;East Asian;European;Hispanic or Latin American;South Asian	combined sexes	named_cohort_or_biobank	Ancestry/sex/combined meta-analysis accessions overlap; UKB, BBJ, FinnGen recur in other publications. Cohort provenance permits grouping, not participant deduplication.	same cohort provenance; exact participant overlap not identifiable	https://pmc.ncbi.nlm.nih.gov/articles/PMC9903716/;https://www.ebi.ac.uk/gwas/studies/GCST90399695;https://www.globalbiobankmeta.org/resources
GCST90399695	Lifelines	36777996	ehr_copd_susceptibility	African unspecified;East Asian;European;Hispanic or Latin American;South Asian	combined sexes	named_cohort_or_biobank	Ancestry/sex/combined meta-analysis accessions overlap; UKB, BBJ, FinnGen recur in other publications. Cohort provenance permits grouping, not participant deduplication.	same cohort provenance; exact participant overlap not identifiable	https://pmc.ncbi.nlm.nih.gov/articles/PMC9903716/;https://www.ebi.ac.uk/gwas/studies/GCST90399695;https://www.globalbiobankmeta.org/resources
GCST90399695	MGBB	36777996	ehr_copd_susceptibility	African unspecified;East Asian;European;Hispanic or Latin American;South Asian	combined sexes	named_cohort_or_biobank	Ancestry/sex/combined meta-analysis accessions overlap; UKB, BBJ, FinnGen recur in other publications. Cohort provenance permits grouping, not participant deduplication.	same cohort provenance; exact participant overlap not identifiable	https://pmc.ncbi.nlm.nih.gov/articles/PMC9903716/;https://www.ebi.ac.uk/gwas/studies/GCST90399695;https://www.globalbiobankmeta.org/resources
GCST90399695	MGI	36777996	ehr_copd_susceptibility	African unspecified;East Asian;European;Hispanic or Latin American;South Asian	combined sexes	named_cohort_or_biobank	Ancestry/sex/combined meta-analysis accessions overlap; UKB, BBJ, FinnGen recur in other publications. Cohort provenance permits grouping, not participant deduplication.	same cohort provenance; exact participant overlap not identifiable	https://pmc.ncbi.nlm.nih.gov/articles/PMC9903716/;https://www.ebi.ac.uk/gwas/studies/GCST90399695;https://www.globalbiobankmeta.org/resources
GCST90399695	TWB	36777996	ehr_copd_susceptibility	African unspecified;East Asian;European;Hispanic or Latin American;South Asian	combined sexes	named_cohort_or_biobank	Ancestry/sex/combined meta-analysis accessions overlap; UKB, BBJ, FinnGen recur in other publications. Cohort provenance permits grouping, not participant deduplication.	same cohort provenance; exact participant overlap not identifiable	https://pmc.ncbi.nlm.nih.gov/articles/PMC9903716/;https://www.ebi.ac.uk/gwas/studies/GCST90399695;https://www.globalbiobankmeta.org/resources
GCST90399695	UCLA	36777996	ehr_copd_susceptibility	African unspecified;East Asian;European;Hispanic or Latin American;South Asian	combined sexes	named_cohort_or_biobank	Ancestry/sex/combined meta-analysis accessions overlap; UKB, BBJ, FinnGen recur in other publications. Cohort provenance permits grouping, not participant deduplication.	same cohort provenance; exact participant overlap not identifiable	https://pmc.ncbi.nlm.nih.gov/articles/PMC9903716/;https://www.ebi.ac.uk/gwas/studies/GCST90399695;https://www.globalbiobankmeta.org/resources
GCST90399695	UKB	36777996	ehr_copd_susceptibility	African unspecified;East Asian;European;Hispanic or Latin American;South Asian	combined sexes	named_cohort_or_biobank	Ancestry/sex/combined meta-analysis accessions overlap; UKB, BBJ, FinnGen recur in other publications. Cohort provenance permits grouping, not participant deduplication.	same cohort provenance; exact participant overlap not identifiable	https://pmc.ncbi.nlm.nih.gov/articles/PMC9903716/;https://www.ebi.ac.uk/gwas/studies/GCST90399695;https://www.globalbiobankmeta.org/resources
GCST90399696	BBJ	36777996	ehr_copd_susceptibility	African unspecified;East Asian;European;Hispanic or Latin American;South Asian	female-only	named_cohort_or_biobank	Ancestry/sex/combined meta-analysis accessions overlap; UKB, BBJ, FinnGen recur in other publications. Cohort provenance permits grouping, not participant deduplication.	same cohort provenance; exact participant overlap not identifiable	https://pmc.ncbi.nlm.nih.gov/articles/PMC9903716/;https://www.ebi.ac.uk/gwas/studies/GCST90399696;https://www.globalbiobankmeta.org/resources
GCST90399696	BioMe	36777996	ehr_copd_susceptibility	African unspecified;East Asian;European;Hispanic or Latin American;South Asian	female-only	named_cohort_or_biobank	Ancestry/sex/combined meta-analysis accessions overlap; UKB, BBJ, FinnGen recur in other publications. Cohort provenance permits grouping, not participant deduplication.	same cohort provenance; exact participant overlap not identifiable	https://pmc.ncbi.nlm.nih.gov/articles/PMC9903716/;https://www.ebi.ac.uk/gwas/studies/GCST90399696;https://www.globalbiobankmeta.org/resources
GCST90399696	BioVU	36777996	ehr_copd_susceptibility	African unspecified;East Asian;European;Hispanic or Latin American;South Asian	female-only	named_cohort_or_biobank	Ancestry/sex/combined meta-analysis accessions overlap; UKB, BBJ, FinnGen recur in other publications. Cohort provenance permits grouping, not participant deduplication.	same cohort provenance; exact participant overlap not identifiable	https://pmc.ncbi.nlm.nih.gov/articles/PMC9903716/;https://www.ebi.ac.uk/gwas/studies/GCST90399696;https://www.globalbiobankmeta.org/resources
GCST90399696	CCPM	36777996	ehr_copd_susceptibility	African unspecified;East Asian;European;Hispanic or Latin American;South Asian	female-only	named_cohort_or_biobank	Ancestry/sex/combined meta-analysis accessions overlap; UKB, BBJ, FinnGen recur in other publications. Cohort provenance permits grouping, not participant deduplication.	same cohort provenance; exact participant overlap not identifiable	https://pmc.ncbi.nlm.nih.gov/articles/PMC9903716/;https://www.ebi.ac.uk/gwas/studies/GCST90399696;https://www.globalbiobankmeta.org/resources
GCST90399696	CKB	36777996	ehr_copd_susceptibility	African unspecified;East Asian;European;Hispanic or Latin American;South Asian	female-only	named_cohort_or_biobank	Ancestry/sex/combined meta-analysis accessions overlap; UKB, BBJ, FinnGen recur in other publications. Cohort provenance permits grouping, not participant deduplication.	same cohort provenance; exact participant overlap not identifiable	https://pmc.ncbi.nlm.nih.gov/articles/PMC9903716/;https://www.ebi.ac.uk/gwas/studies/GCST90399696;https://www.globalbiobankmeta.org/resources
GCST90399696	FinnGen	36777996	ehr_copd_susceptibility	African unspecified;East Asian;European;Hispanic or Latin American;South Asian	female-only	named_cohort_or_biobank	Ancestry/sex/combined meta-analysis accessions overlap; UKB, BBJ, FinnGen recur in other publications. Cohort provenance permits grouping, not participant deduplication.	same cohort provenance; exact participant overlap not identifiable	https://pmc.ncbi.nlm.nih.gov/articles/PMC9903716/;https://www.ebi.ac.uk/gwas/studies/GCST90399696;https://www.globalbiobankmeta.org/resources
GCST90399696	G&H	36777996	ehr_copd_susceptibility	African unspecified;East Asian;European;Hispanic or Latin American;South Asian	female-only	named_cohort_or_biobank	Ancestry/sex/combined meta-analysis accessions overlap; UKB, BBJ, FinnGen recur in other publications. Cohort provenance permits grouping, not participant deduplication.	same cohort provenance; exact participant overlap not identifiable	https://pmc.ncbi.nlm.nih.gov/articles/PMC9903716/;https://www.ebi.ac.uk/gwas/studies/GCST90399696;https://www.globalbiobankmeta.org/resources
GCST90399696	GS:SFHS	36777996	ehr_copd_susceptibility	African unspecified;East Asian;European;Hispanic or Latin American;South Asian	female-only	named_cohort_or_biobank	Ancestry/sex/combined meta-analysis accessions overlap; UKB, BBJ, FinnGen recur in other publications. Cohort provenance permits grouping, not participant deduplication.	same cohort provenance; exact participant overlap not identifiable	https://pmc.ncbi.nlm.nih.gov/articles/PMC9903716/;https://www.ebi.ac.uk/gwas/studies/GCST90399696;https://www.globalbiobankmeta.org/resources
GCST90399696	HUNT	36777996	ehr_copd_susceptibility	African unspecified;East Asian;European;Hispanic or Latin American;South Asian	female-only	named_cohort_or_biobank	Ancestry/sex/combined meta-analysis accessions overlap; UKB, BBJ, FinnGen recur in other publications. Cohort provenance permits grouping, not participant deduplication.	same cohort provenance; exact participant overlap not identifiable	https://pmc.ncbi.nlm.nih.gov/articles/PMC9903716/;https://www.ebi.ac.uk/gwas/studies/GCST90399696;https://www.globalbiobankmeta.org/resources
GCST90399696	Lifelines	36777996	ehr_copd_susceptibility	African unspecified;East Asian;European;Hispanic or Latin American;South Asian	female-only	named_cohort_or_biobank	Ancestry/sex/combined meta-analysis accessions overlap; UKB, BBJ, FinnGen recur in other publications. Cohort provenance permits grouping, not participant deduplication.	same cohort provenance; exact participant overlap not identifiable	https://pmc.ncbi.nlm.nih.gov/articles/PMC9903716/;https://www.ebi.ac.uk/gwas/studies/GCST90399696;https://www.globalbiobankmeta.org/resources
GCST90399696	MGI	36777996	ehr_copd_susceptibility	African unspecified;East Asian;European;Hispanic or Latin American;South Asian	female-only	named_cohort_or_biobank	Ancestry/sex/combined meta-analysis accessions overlap; UKB, BBJ, FinnGen recur in other publications. Cohort provenance permits grouping, not participant deduplication.	same cohort provenance; exact participant overlap not identifiable	https://pmc.ncbi.nlm.nih.gov/articles/PMC9903716/;https://www.ebi.ac.uk/gwas/studies/GCST90399696;https://www.globalbiobankmeta.org/resources
GCST90399696	UKB	36777996	ehr_copd_susceptibility	African unspecified;East Asian;European;Hispanic or Latin American;South Asian	female-only	named_cohort_or_biobank	Ancestry/sex/combined meta-analysis accessions overlap; UKB, BBJ, FinnGen recur in other publications. Cohort provenance permits grouping, not participant deduplication.	same cohort provenance; exact participant overlap not identifiable	https://pmc.ncbi.nlm.nih.gov/articles/PMC9903716/;https://www.ebi.ac.uk/gwas/studies/GCST90399696;https://www.globalbiobankmeta.org/resources
GCST90399697	BBJ	36777996	ehr_copd_susceptibility	African unspecified;East Asian;European;Hispanic or Latin American;South Asian	male-only	named_cohort_or_biobank	Ancestry/sex/combined meta-analysis accessions overlap; UKB, BBJ, FinnGen recur in other publications. Cohort provenance permits grouping, not participant deduplication.	same cohort provenance; exact participant overlap not identifiable	https://pmc.ncbi.nlm.nih.gov/articles/PMC9903716/;https://www.ebi.ac.uk/gwas/studies/GCST90399697;https://www.globalbiobankmeta.org/resources
GCST90399697	BioMe	36777996	ehr_copd_susceptibility	African unspecified;East Asian;European;Hispanic or Latin American;South Asian	male-only	named_cohort_or_biobank	Ancestry/sex/combined meta-analysis accessions overlap; UKB, BBJ, FinnGen recur in other publications. Cohort provenance permits grouping, not participant deduplication.	same cohort provenance; exact participant overlap not identifiable	https://pmc.ncbi.nlm.nih.gov/articles/PMC9903716/;https://www.ebi.ac.uk/gwas/studies/GCST90399697;https://www.globalbiobankmeta.org/resources
GCST90399697	BioVU	36777996	ehr_copd_susceptibility	African unspecified;East Asian;European;Hispanic or Latin American;South Asian	male-only	named_cohort_or_biobank	Ancestry/sex/combined meta-analysis accessions overlap; UKB, BBJ, FinnGen recur in other publications. Cohort provenance permits grouping, not participant deduplication.	same cohort provenance; exact participant overlap not identifiable	https://pmc.ncbi.nlm.nih.gov/articles/PMC9903716/;https://www.ebi.ac.uk/gwas/studies/GCST90399697;https://www.globalbiobankmeta.org/resources
GCST90399697	CCPM	36777996	ehr_copd_susceptibility	African unspecified;East Asian;European;Hispanic or Latin American;South Asian	male-only	named_cohort_or_biobank	Ancestry/sex/combined meta-analysis accessions overlap; UKB, BBJ, FinnGen recur in other publications. Cohort provenance permits grouping, not participant deduplication.	same cohort provenance; exact participant overlap not identifiable	https://pmc.ncbi.nlm.nih.gov/articles/PMC9903716/;https://www.ebi.ac.uk/gwas/studies/GCST90399697;https://www.globalbiobankmeta.org/resources
GCST90399697	CKB	36777996	ehr_copd_susceptibility	African unspecified;East Asian;European;Hispanic or Latin American;South Asian	male-only	named_cohort_or_biobank	Ancestry/sex/combined meta-analysis accessions overlap; UKB, BBJ, FinnGen recur in other publications. Cohort provenance permits grouping, not participant deduplication.	same cohort provenance; exact participant overlap not identifiable	https://pmc.ncbi.nlm.nih.gov/articles/PMC9903716/;https://www.ebi.ac.uk/gwas/studies/GCST90399697;https://www.globalbiobankmeta.org/resources
GCST90399697	FinnGen	36777996	ehr_copd_susceptibility	African unspecified;East Asian;European;Hispanic or Latin American;South Asian	male-only	named_cohort_or_biobank	Ancestry/sex/combined meta-analysis accessions overlap; UKB, BBJ, FinnGen recur in other publications. Cohort provenance permits grouping, not participant deduplication.	same cohort provenance; exact participant overlap not identifiable	https://pmc.ncbi.nlm.nih.gov/articles/PMC9903716/;https://www.ebi.ac.uk/gwas/studies/GCST90399697;https://www.globalbiobankmeta.org/resources
GCST90399697	G&H	36777996	ehr_copd_susceptibility	African unspecified;East Asian;European;Hispanic or Latin American;South Asian	male-only	named_cohort_or_biobank	Ancestry/sex/combined meta-analysis accessions overlap; UKB, BBJ, FinnGen recur in other publications. Cohort provenance permits grouping, not participant deduplication.	same cohort provenance; exact participant overlap not identifiable	https://pmc.ncbi.nlm.nih.gov/articles/PMC9903716/;https://www.ebi.ac.uk/gwas/studies/GCST90399697;https://www.globalbiobankmeta.org/resources
GCST90399697	GS:SFHS	36777996	ehr_copd_susceptibility	African unspecified;East Asian;European;Hispanic or Latin American;South Asian	male-only	named_cohort_or_biobank	Ancestry/sex/combined meta-analysis accessions overlap; UKB, BBJ, FinnGen recur in other publications. Cohort provenance permits grouping, not participant deduplication.	same cohort provenance; exact participant overlap not identifiable	https://pmc.ncbi.nlm.nih.gov/articles/PMC9903716/;https://www.ebi.ac.uk/gwas/studies/GCST90399697;https://www.globalbiobankmeta.org/resources
GCST90399697	HUNT	36777996	ehr_copd_susceptibility	African unspecified;East Asian;European;Hispanic or Latin American;South Asian	male-only	named_cohort_or_biobank	Ancestry/sex/combined meta-analysis accessions overlap; UKB, BBJ, FinnGen recur in other publications. Cohort provenance permits grouping, not participant deduplication.	same cohort provenance; exact participant overlap not identifiable	https://pmc.ncbi.nlm.nih.gov/articles/PMC9903716/;https://www.ebi.ac.uk/gwas/studies/GCST90399697;https://www.globalbiobankmeta.org/resources
GCST90399697	Lifelines	36777996	ehr_copd_susceptibility	African unspecified;East Asian;European;Hispanic or Latin American;South Asian	male-only	named_cohort_or_biobank	Ancestry/sex/combined meta-analysis accessions overlap; UKB, BBJ, FinnGen recur in other publications. Cohort provenance permits grouping, not participant deduplication.	same cohort provenance; exact participant overlap not identifiable	https://pmc.ncbi.nlm.nih.gov/articles/PMC9903716/;https://www.ebi.ac.uk/gwas/studies/GCST90399697;https://www.globalbiobankmeta.org/resources
GCST90399697	MGI	36777996	ehr_copd_susceptibility	African unspecified;East Asian;European;Hispanic or Latin American;South Asian	male-only	named_cohort_or_biobank	Ancestry/sex/combined meta-analysis accessions overlap; UKB, BBJ, FinnGen recur in other publications. Cohort provenance permits grouping, not participant deduplication.	same cohort provenance; exact participant overlap not identifiable	https://pmc.ncbi.nlm.nih.gov/articles/PMC9903716/;https://www.ebi.ac.uk/gwas/studies/GCST90399697;https://www.globalbiobankmeta.org/resources
GCST90399697	UKB	36777996	ehr_copd_susceptibility	African unspecified;East Asian;European;Hispanic or Latin American;South Asian	male-only	named_cohort_or_biobank	Ancestry/sex/combined meta-analysis accessions overlap; UKB, BBJ, FinnGen recur in other publications. Cohort provenance permits grouping, not participant deduplication.	same cohort provenance; exact participant overlap not identifiable	https://pmc.ncbi.nlm.nih.gov/articles/PMC9903716/;https://www.ebi.ac.uk/gwas/studies/GCST90399697;https://www.globalbiobankmeta.org/resources
GCST90255361	KNUH	36543808	direct_copd_susceptibility	East Asian;European	both sexes; no sex-stratified test reported for this accession	named_cohort_or_biobank	SNUH discovery may overlap GENIE (not verified); UKB replication overlaps other UKB studies. UKB not discovery ancestry for Korean coefficient.	same cohort provenance; exact participant overlap not identifiable	https://pmc.ncbi.nlm.nih.gov/articles/PMC9772307/;https://www.ebi.ac.uk/gwas/studies/GCST90255361
GCST90255361	SNUH	36543808	direct_copd_susceptibility	East Asian;European	both sexes; no sex-stratified test reported for this accession	named_cohort_or_biobank	SNUH discovery may overlap GENIE (not verified); UKB replication overlaps other UKB studies. UKB not discovery ancestry for Korean coefficient.	same cohort provenance; exact participant overlap not identifiable	https://pmc.ncbi.nlm.nih.gov/articles/PMC9772307/;https://www.ebi.ac.uk/gwas/studies/GCST90255361
GCST90255361	UKB	36543808	direct_copd_susceptibility	East Asian;European	both sexes; no sex-stratified test reported for this accession	named_cohort_or_biobank	SNUH discovery may overlap GENIE (not verified); UKB replication overlaps other UKB studies. UKB not discovery ancestry for Korean coefficient.	same cohort provenance; exact participant overlap not identifiable	https://pmc.ncbi.nlm.nih.gov/articles/PMC9772307/;https://www.ebi.ac.uk/gwas/studies/GCST90255361
GCST90244098	UKB	37069358	ml_surrogate_liability	European	not sex-specific	named_cohort_or_biobank	Probable extensive participant overlap with other UKB accessions in this register; not an independent replication of them.	same cohort provenance; exact participant overlap not identifiable	https://doi.org/10.1038/s41588-023-01372-4;https://www.ebi.ac.uk/gwas/studies/GCST90244098
GCST90246122	CKB	37601966	ehr_copd_susceptibility	East Asian	not sex-specific	named_cohort_or_biobank	Participants overlap other CKB phenome-wide accessions from the same resource; no overlap with UKB is indicated.	same cohort provenance; exact participant overlap not identifiable	https://doi.org/10.1016/j.xgen.2023.100361;https://www.ebi.ac.uk/gwas/studies/GCST90246122
GCST90297568	EstBB	38185688	nonstandard_gene_burden_cnv	European	not sex-specific	named_cohort_or_biobank	All four accessions reuse the same UKB discovery and EstBB replication samples and differ only in CNV action model; they are not independent phenotype replications.	same cohort provenance; exact participant overlap not identifiable	https://doi.org/10.1186/s13073-023-01265-5;https://www.ebi.ac.uk/gwas/studies/GCST90297568
GCST90297568	UKB	38185688	nonstandard_gene_burden_cnv	European	not sex-specific	named_cohort_or_biobank	All four accessions reuse the same UKB discovery and EstBB replication samples and differ only in CNV action model; they are not independent phenotype replications.	same cohort provenance; exact participant overlap not identifiable	https://doi.org/10.1186/s13073-023-01265-5;https://www.ebi.ac.uk/gwas/studies/GCST90297568
GCST90297622	EstBB	38185688	nonstandard_gene_burden_cnv	European	not sex-specific	named_cohort_or_biobank	All four accessions reuse the same UKB discovery and EstBB replication samples and differ only in CNV action model; they are not independent phenotype replications.	same cohort provenance; exact participant overlap not identifiable	https://doi.org/10.1186/s13073-023-01265-5;https://www.ebi.ac.uk/gwas/studies/GCST90297622
GCST90297622	UKB	38185688	nonstandard_gene_burden_cnv	European	not sex-specific	named_cohort_or_biobank	All four accessions reuse the same UKB discovery and EstBB replication samples and differ only in CNV action model; they are not independent phenotype replications.	same cohort provenance; exact participant overlap not identifiable	https://doi.org/10.1186/s13073-023-01265-5;https://www.ebi.ac.uk/gwas/studies/GCST90297622
GCST90297675	EstBB	38185688	nonstandard_gene_burden_cnv	European	not sex-specific	named_cohort_or_biobank	All four accessions reuse the same UKB discovery and EstBB replication samples and differ only in CNV action model; they are not independent phenotype replications.	same cohort provenance; exact participant overlap not identifiable	https://doi.org/10.1186/s13073-023-01265-5;https://www.ebi.ac.uk/gwas/studies/GCST90297675
GCST90297675	UKB	38185688	nonstandard_gene_burden_cnv	European	not sex-specific	named_cohort_or_biobank	All four accessions reuse the same UKB discovery and EstBB replication samples and differ only in CNV action model; they are not independent phenotype replications.	same cohort provenance; exact participant overlap not identifiable	https://doi.org/10.1186/s13073-023-01265-5;https://www.ebi.ac.uk/gwas/studies/GCST90297675
GCST90297723	EstBB	38185688	nonstandard_gene_burden_cnv	European	not sex-specific	named_cohort_or_biobank	All four accessions reuse the same UKB discovery and EstBB replication samples and differ only in CNV action model; they are not independent phenotype replications.	same cohort provenance; exact participant overlap not identifiable	https://doi.org/10.1186/s13073-023-01265-5;https://www.ebi.ac.uk/gwas/studies/GCST90297723
GCST90297723	UKB	38185688	nonstandard_gene_burden_cnv	European	not sex-specific	named_cohort_or_biobank	All four accessions reuse the same UKB discovery and EstBB replication samples and differ only in CNV action model; they are not independent phenotype replications.	same cohort provenance; exact participant overlap not identifiable	https://doi.org/10.1186/s13073-023-01265-5;https://www.ebi.ac.uk/gwas/studies/GCST90297723
GCST90428863	UKB	38601445	ehr_copd_susceptibility	European	not sex-specific	named_cohort_or_biobank	Probable extensive overlap with other UKB accessions; the paper's cross-trait framing does not make this accession an independent cohort.	same cohort provenance; exact participant overlap not identifiable	https://doi.org/10.21037/tlcr-24-4;https://www.ebi.ac.uk/gwas/studies/GCST90428863
GCST90827700	Guangzhou Medical University	38622589	within_copd_severity	East Asian	not sex-specific	named_cohort_or_biobank	The two sites form the same analyzed study cohort; no overlap with UKB/MVP/CKB is indicated.	same cohort provenance; exact participant overlap not identifiable	https://doi.org/10.1186/s12931-024-02805-2;https://www.ebi.ac.uk/gwas/studies/GCST90827700
GCST90827700	Shenzhen People's Hospital	38622589	within_copd_severity	East Asian	not sex-specific	named_cohort_or_biobank	The two sites form the same analyzed study cohort; no overlap with UKB/MVP/CKB is indicated.	same cohort provenance; exact participant overlap not identifiable	https://doi.org/10.1186/s12931-024-02805-2;https://www.ebi.ac.uk/gwas/studies/GCST90827700
GCST90476026	MVP	39024449	ehr_copd_susceptibility	African American or Afro-Caribbean	not sex-specific	named_cohort_or_biobank	Substantial/known participant overlap with the other MVP accessions; ancestry-specific scans are disjoint or nearly disjoint by genetic ancestry, while meta-analysis accessions reuse their participants.	same cohort provenance; exact participant overlap not identifiable	https://doi.org/10.1126/science.adj1182;https://www.ebi.ac.uk/gwas/studies/GCST90476026
GCST90476027	MVP	39024449	ehr_copd_susceptibility	European	not sex-specific	named_cohort_or_biobank	Substantial/known participant overlap with the other MVP accessions; ancestry-specific scans are disjoint or nearly disjoint by genetic ancestry, while meta-analysis accessions reuse their participants.	same cohort provenance; exact participant overlap not identifiable	https://doi.org/10.1126/science.adj1182;https://www.ebi.ac.uk/gwas/studies/GCST90476027
GCST90476030	MVP	39024449	chronic_bronchitis	European	not sex-specific	named_cohort_or_biobank	Substantial/known participant overlap with the other MVP accessions; ancestry-specific scans are disjoint or nearly disjoint by genetic ancestry, while meta-analysis accessions reuse their participants.	same cohort provenance; exact participant overlap not identifiable	https://doi.org/10.1126/science.adj1182;https://www.ebi.ac.uk/gwas/studies/GCST90476030
GCST90478138	MVP	39024449	ehr_copd_susceptibility	Hispanic or Latin American	not sex-specific	named_cohort_or_biobank	Substantial/known participant overlap with the other MVP accessions; ancestry-specific scans are disjoint or nearly disjoint by genetic ancestry, while meta-analysis accessions reuse their participants.	same cohort provenance; exact participant overlap not identifiable	https://doi.org/10.1126/science.adj1182;https://www.ebi.ac.uk/gwas/studies/GCST90478138
GCST90478143	MVP	39024449	chronic_bronchitis	Hispanic or Latin American	not sex-specific	named_cohort_or_biobank	Substantial/known participant overlap with the other MVP accessions; ancestry-specific scans are disjoint or nearly disjoint by genetic ancestry, while meta-analysis accessions reuse their participants.	same cohort provenance; exact participant overlap not identifiable	https://doi.org/10.1126/science.adj1182;https://www.ebi.ac.uk/gwas/studies/GCST90478143
GCST90478144	MVP	39024449	chronic_bronchitis	African American or Afro-Caribbean	not sex-specific	named_cohort_or_biobank	Substantial/known participant overlap with the other MVP accessions; ancestry-specific scans are disjoint or nearly disjoint by genetic ancestry, while meta-analysis accessions reuse their participants.	same cohort provenance; exact participant overlap not identifiable	https://doi.org/10.1126/science.adj1182;https://www.ebi.ac.uk/gwas/studies/GCST90478144
GCST90480251	MVP	39024449	chronic_bronchitis	African American or Afro-Caribbean;European;Hispanic or Latin American	not sex-specific	named_cohort_or_biobank	Substantial/known participant overlap with the other MVP accessions; ancestry-specific scans are disjoint or nearly disjoint by genetic ancestry, while meta-analysis accessions reuse their participants.	same cohort provenance; exact participant overlap not identifiable	https://doi.org/10.1126/science.adj1182;https://www.ebi.ac.uk/gwas/studies/GCST90480251
GCST90480254	MVP	39024449	ehr_copd_susceptibility	African American or Afro-Caribbean;East Asian;European;Hispanic or Latin American	not sex-specific	named_cohort_or_biobank	Substantial/known participant overlap with the other MVP accessions; ancestry-specific scans are disjoint or nearly disjoint by genetic ancestry, while meta-analysis accessions reuse their participants.	same cohort provenance; exact participant overlap not identifiable	https://doi.org/10.1126/science.adj1182;https://www.ebi.ac.uk/gwas/studies/GCST90480254
GCST90482079	MVP	39024449	ehr_copd_susceptibility	East Asian	not sex-specific	named_cohort_or_biobank	Substantial/known participant overlap with the other MVP accessions; ancestry-specific scans are disjoint or nearly disjoint by genetic ancestry, while meta-analysis accessions reuse their participants.	same cohort provenance; exact participant overlap not identifiable	https://doi.org/10.1126/science.adj1182;https://www.ebi.ac.uk/gwas/studies/GCST90482079
GCST90468119	UKB	39789286	unresolved	European	not sex-specific	named_cohort_or_biobank	Probable extensive participant overlap with other UKB accessions; self-report ascertainment differs from their code-based outcomes.	same cohort provenance; exact participant overlap not identifiable	https://doi.org/10.1038/s41588-024-02044-7;https://www.ebi.ac.uk/gwas/studies/GCST90468119
GCST90652124	CMUH	40465716	ehr_copd_susceptibility	East Asian	not sex-specific	named_cohort_or_biobank	The two COPD-related CMUH accessions reuse the same control pool and have overlapping source participants; they are not independent replications.	same cohort provenance; exact participant overlap not identifiable	https://doi.org/10.1126/sciadv.adt0539;https://www.ebi.ac.uk/gwas/studies/GCST90652124
GCST90652177	CMUH	40465716	chronic_bronchitis	East Asian	not sex-specific	named_cohort_or_biobank	The two COPD-related CMUH accessions reuse the same control pool and have overlapping source participants; they are not independent replications.	same cohort provenance; exact participant overlap not identifiable	https://doi.org/10.1126/sciadv.adt0539;https://www.ebi.ac.uk/gwas/studies/GCST90652177
GCST90668057	UKB	40753274	mixed_ehr_self_report_susceptibility	European, NR	not sex-specific	named_cohort_or_biobank	The three accessions analyze the same 405,811-person UKB source set under alternative, overlapping phenotype rules; they are sensitivity definitions, not independent replications.	same cohort provenance; exact participant overlap not identifiable	https://doi.org/10.1038/s41746-025-01815-8;https://www.ebi.ac.uk/gwas/studies/GCST90668057
GCST90668058	UKB	40753274	ehr_copd_susceptibility	European, NR	not sex-specific	named_cohort_or_biobank	The three accessions analyze the same 405,811-person UKB source set under alternative, overlapping phenotype rules; they are sensitivity definitions, not independent replications.	same cohort provenance; exact participant overlap not identifiable	https://doi.org/10.1038/s41746-025-01815-8;https://www.ebi.ac.uk/gwas/studies/GCST90668058
GCST90668059	UKB	40753274	ehr_copd_susceptibility	European, NR	not sex-specific	named_cohort_or_biobank	The three accessions analyze the same 405,811-person UKB source set under alternative, overlapping phenotype rules; they are sensitivity definitions, not independent replications.	same cohort provenance; exact participant overlap not identifiable	https://doi.org/10.1038/s41746-025-01815-8;https://www.ebi.ac.uk/gwas/studies/GCST90668059
GCST90473706	UKB	40770095	ehr_copd_susceptibility	African unspecified	not sex-specific	named_cohort_or_biobank	All four WGS accessions reuse UKB participants; the combined analysis contains the ancestry-specific samples and overlaps array-based UKB studies.	same cohort provenance; exact participant overlap not identifiable	https://doi.org/10.1038/s41586-025-09272-9;https://www.ebi.ac.uk/gwas/studies/GCST90473706
GCST90473707	UKB	40770095	ehr_copd_susceptibility	European	not sex-specific	named_cohort_or_biobank	All four WGS accessions reuse UKB participants; the combined analysis contains the ancestry-specific samples and overlaps array-based UKB studies.	same cohort provenance; exact participant overlap not identifiable	https://doi.org/10.1038/s41586-025-09272-9;https://www.ebi.ac.uk/gwas/studies/GCST90473707
GCST90473708	UKB	40770095	ehr_copd_susceptibility	South Asian	not sex-specific	named_cohort_or_biobank	All four WGS accessions reuse UKB participants; the combined analysis contains the ancestry-specific samples and overlaps array-based UKB studies.	same cohort provenance; exact participant overlap not identifiable	https://doi.org/10.1038/s41586-025-09272-9;https://www.ebi.ac.uk/gwas/studies/GCST90473708
GCST90667889	UKB	40770095	ehr_copd_susceptibility	African unspecified;European;South Asian	not sex-specific	named_cohort_or_biobank	All four WGS accessions reuse UKB participants; the combined analysis contains the ancestry-specific samples and overlaps array-based UKB studies.	same cohort provenance; exact participant overlap not identifiable	https://doi.org/10.1038/s41586-025-09272-9;https://www.ebi.ac.uk/gwas/studies/GCST90667889
GCST90854220	UKB	40973091	ehr_copd_susceptibility	European	not sex-specific	named_cohort_or_biobank	The two array scans use the same UKB participants, and the WGS analysis is a nested/overlapping UKB subset; all also overlap other UKB studies in this register.	same cohort provenance; exact participant overlap not identifiable	https://doi.org/10.1093/gpbjnl/qzaf084;https://www.ebi.ac.uk/gwas/studies/GCST90854220
GCST90854221	UKB	40973091	ehr_copd_susceptibility	European	not sex-specific	named_cohort_or_biobank	The two array scans use the same UKB participants, and the WGS analysis is a nested/overlapping UKB subset; all also overlap other UKB studies in this register.	same cohort provenance; exact participant overlap not identifiable	https://doi.org/10.1093/gpbjnl/qzaf084;https://www.ebi.ac.uk/gwas/studies/GCST90854221
GCST90854222	UKB	40973091	ehr_copd_susceptibility	European	not sex-specific	named_cohort_or_biobank	The two array scans use the same UKB participants, and the WGS analysis is a nested/overlapping UKB subset; all also overlap other UKB studies in this register.	same cohort provenance; exact participant overlap not identifiable	https://doi.org/10.1093/gpbjnl/qzaf084;https://www.ebi.ac.uk/gwas/studies/GCST90854222
GCST90691934	UKB	40968291	ehr_copd_susceptibility	European	not sex-specific	named_cohort_or_biobank	The combined accession reuses participants from the ancestry-specific accessions; all substantially overlap other UKB analyses.	same cohort provenance; exact participant overlap not identifiable	https://doi.org/10.1038/s41588-025-02335-7;https://www.ebi.ac.uk/gwas/studies/GCST90691934
GCST90692407	UKB	40968291	ehr_copd_susceptibility	South Asian, Central Asian	not sex-specific	named_cohort_or_biobank	The combined accession reuses participants from the ancestry-specific accessions; all substantially overlap other UKB analyses.	same cohort provenance; exact participant overlap not identifiable	https://doi.org/10.1038/s41588-025-02335-7;https://www.ebi.ac.uk/gwas/studies/GCST90692407
GCST90692991	UKB	40968291	ehr_copd_susceptibility	European;South Asian, Central Asian	not sex-specific	named_cohort_or_biobank	The combined accession reuses participants from the ancestry-specific accessions; all substantially overlap other UKB analyses.	same cohort provenance; exact participant overlap not identifiable	https://doi.org/10.1038/s41588-025-02335-7;https://www.ebi.ac.uk/gwas/studies/GCST90692991
GCST90837486	MGBB	41298473	ehr_copd_susceptibility	African unspecified, Hispanic or Latin American, European, NR	not sex-specific	named_cohort_or_biobank	Participants overlap other MGBB phenome-wide accessions but are independent of UKB/MVP/CKB unless otherwise undocumented.	same cohort provenance; exact participant overlap not identifiable	https://doi.org/10.1038/s41467-025-66598-8;https://www.ebi.ac.uk/gwas/studies/GCST90837486
GCST90726684	G&H	41896352	ehr_copd_susceptibility	South Asian	not sex-specific	named_cohort_or_biobank	All four accessions reuse the same 44,026 phenotyped G&H participants under alternative, overlapping COPD codelists and share the reported G&H replication resource.	same cohort provenance; exact participant overlap not identifiable	https://doi.org/10.1038/s41588-026-02553-7;https://ftp.ebi.ac.uk/pub/databases/gwas/summary_statistics/GCST90726001-GCST90727000/GCST90726684/GCST90726684.tsv-meta.yaml;https://www.ebi.ac.uk/gwas/studies/GCST90726684
GCST90726818	G&H	41896352	ehr_copd_susceptibility	South Asian	not sex-specific	named_cohort_or_biobank	All four accessions reuse the same 44,026 phenotyped G&H participants under alternative, overlapping COPD codelists and share the reported G&H replication resource.	same cohort provenance; exact participant overlap not identifiable	https://doi.org/10.1038/s41588-026-02553-7;https://ftp.ebi.ac.uk/pub/databases/gwas/summary_statistics/GCST90726001-GCST90727000/GCST90726818/GCST90726818.tsv-meta.yaml;https://www.ebi.ac.uk/gwas/studies/GCST90726818
GCST90726824	G&H	41896352	ehr_copd_susceptibility	South Asian	not sex-specific	named_cohort_or_biobank	All four accessions reuse the same 44,026 phenotyped G&H participants under alternative, overlapping COPD codelists and share the reported G&H replication resource.	same cohort provenance; exact participant overlap not identifiable	https://doi.org/10.1038/s41588-026-02553-7;https://ftp.ebi.ac.uk/pub/databases/gwas/summary_statistics/GCST90726001-GCST90727000/GCST90726824/GCST90726824.tsv-meta.yaml;https://www.ebi.ac.uk/gwas/studies/GCST90726824
GCST90726958	G&H	41896352	ehr_copd_susceptibility	South Asian	not sex-specific	named_cohort_or_biobank	All four accessions reuse the same 44,026 phenotyped G&H participants under alternative, overlapping COPD codelists and share the reported G&H replication resource.	same cohort provenance; exact participant overlap not identifiable	https://doi.org/10.1038/s41588-026-02553-7;https://ftp.ebi.ac.uk/pub/databases/gwas/summary_statistics/GCST90726001-GCST90727000/GCST90726958/GCST90726958.tsv-meta.yaml;https://www.ebi.ac.uk/gwas/studies/GCST90726958
GCST90837197	UKB	42243103	mixed_ehr_self_report_susceptibility	European	not sex-specific	named_cohort_or_biobank	Probable extensive overlap with other UKB accessions. The paper analyzes cross-disease relationships, but this accession itself is a standalone COPD GWAS and must not be labeled an independent cross-disease cohort.	same cohort provenance; exact participant overlap not identifiable	https://doi.org/10.1038/s41467-026-73925-0;https://www.ebi.ac.uk/gwas/studies/GCST90837197
